600
Kinetic read 1 (0:19:29)
	1	2	3	4	5	6	7	8	9	10	11	12
A	0.054	0.053	0.054	0.054	0.055	0.061	0.054	0.055	0.057	0.055	0.055	0.056	600 Read#1
B	0.058	0.061	0.058	0.059	0.058	0.059	0.059	0.059	0.058	0.061	0.060	0.059	600 Read#1
C	0.044	0.047	0.044	0.045	0.045	0.046	0.049	0.045	0.053	0.060	0.046	0.050	600 Read#1
D	0.043	0.044	0.044	0.046	0.046	0.046	0.047	0.047	0.045	0.046	0.046	0.047	600 Read#1
E	0.043	0.044	0.045	0.045	0.045	0.047	0.050	0.045	0.047	0.047	0.050	0.046	600 Read#1
F	0.043	0.044	0.045	0.045	0.044	0.046	0.047	0.044	0.046	0.047	0.047	0.046	600 Read#1
G	0.059	0.059	0.059	0.059	0.059	0.060	0.059	0.060	0.060	0.064	0.060	0.060	600 Read#1
H	0.054	0.054	0.055	0.055	0.055	0.055	0.055	0.055	0.056	0.056	0.055	0.056	600 Read#1

600
Kinetic read 2 (0:39:29)
	1	2	3	4	5	6	7	8	9	10	11	12
A	0.054	0.053	0.054	0.054	0.055	0.064	0.054	0.054	0.057	0.054	0.055	0.056	600 Read#2
B	0.058	0.061	0.058	0.059	0.059	0.059	0.060	0.059	0.058	0.061	0.060	0.059	600 Read#2
C	0.044	0.047	0.044	0.045	0.045	0.046	0.049	0.045	0.053	0.059	0.046	0.050	600 Read#2
D	0.043	0.044	0.044	0.046	0.046	0.046	0.047	0.047	0.045	0.046	0.046	0.047	600 Read#2
E	0.043	0.044	0.044	0.045	0.045	0.047	0.050	0.045	0.047	0.047	0.050	0.045	600 Read#2
F	0.044	0.043	0.044	0.045	0.044	0.046	0.047	0.044	0.046	0.047	0.047	0.045	600 Read#2
G	0.059	0.060	0.059	0.060	0.060	0.061	0.060	0.061	0.061	0.065	0.061	0.060	600 Read#2
H	0.054	0.054	0.055	0.055	0.055	0.055	0.055	0.055	0.056	0.055	0.055	0.055	600 Read#2

600
Kinetic read 3 (0:59:29)
	1	2	3	4	5	6	7	8	9	10	11	12
A	0.054	0.054	0.054	0.054	0.055	0.061	0.054	0.055	0.057	0.055	0.055	0.056	600 Read#3
B	0.059	0.062	0.058	0.059	0.059	0.060	0.060	0.060	0.059	0.062	0.060	0.060	600 Read#3
C	0.044	0.047	0.045	0.045	0.045	0.046	0.049	0.045	0.053	0.060	0.046	0.050	600 Read#3
D	0.043	0.044	0.044	0.046	0.046	0.046	0.047	0.047	0.045	0.046	0.046	0.047	600 Read#3
E	0.043	0.044	0.044	0.045	0.045	0.047	0.050	0.045	0.048	0.047	0.050	0.046	600 Read#3
F	0.044	0.044	0.045	0.045	0.044	0.046	0.048	0.045	0.046	0.047	0.047	0.046	600 Read#3
G	0.060	0.060	0.060	0.061	0.061	0.061	0.060	0.062	0.061	0.065	0.061	0.061	600 Read#3
H	0.054	0.054	0.055	0.055	0.055	0.055	0.055	0.055	0.056	0.056	0.055	0.056	600 Read#3

600
Kinetic read 4 (1:19:29)
	1	2	3	4	5	6	7	8	9	10	11	12
A	0.054	0.053	0.054	0.054	0.055	0.064	0.054	0.055	0.057	0.055	0.055	0.056	600 Read#4
B	0.059	0.063	0.059	0.060	0.059	0.060	0.060	0.060	0.059	0.062	0.061	0.060	600 Read#4
C	0.044	0.047	0.045	0.045	0.045	0.047	0.049	0.045	0.053	0.060	0.046	0.050	600 Read#4
D	0.043	0.044	0.045	0.046	0.046	0.046	0.047	0.047	0.045	0.046	0.046	0.047	600 Read#4
E	0.043	0.044	0.045	0.045	0.045	0.047	0.050	0.045	0.048	0.047	0.050	0.046	600 Read#4
F	0.044	0.043	0.045	0.045	0.044	0.046	0.048	0.045	0.046	0.047	0.047	0.046	600 Read#4
G	0.060	0.061	0.061	0.061	0.061	0.062	0.061	0.062	0.062	0.066	0.062	0.062	600 Read#4
H	0.054	0.054	0.055	0.055	0.055	0.055	0.055	0.055	0.056	0.056	0.055	0.056	600 Read#4

600
Kinetic read 5 (1:39:29)
	1	2	3	4	5	6	7	8	9	10	11	12
A	0.054	0.053	0.054	0.054	0.055	0.065	0.054	0.055	0.057	0.055	0.055	0.056	600 Read#5
B	0.060	0.063	0.059	0.061	0.060	0.061	0.061	0.061	0.060	0.063	0.061	0.061	600 Read#5
C	0.044	0.048	0.044	0.045	0.045	0.047	0.049	0.045	0.053	0.060	0.046	0.050	600 Read#5
D	0.043	0.044	0.045	0.046	0.046	0.046	0.047	0.047	0.045	0.046	0.046	0.047	600 Read#5
E	0.043	0.044	0.045	0.045	0.045	0.047	0.050	0.045	0.048	0.047	0.050	0.046	600 Read#5
F	0.044	0.044	0.045	0.045	0.044	0.046	0.048	0.045	0.046	0.047	0.047	0.046	600 Read#5
G	0.061	0.062	0.062	0.062	0.062	0.063	0.062	0.063	0.063	0.067	0.063	0.062	600 Read#5
H	0.054	0.054	0.055	0.055	0.055	0.055	0.055	0.055	0.056	0.056	0.055	0.056	600 Read#5

600
Kinetic read 6 (1:59:29)
	1	2	3	4	5	6	7	8	9	10	11	12
A	0.054	0.054	0.054	0.054	0.055	0.059	0.054	0.055	0.057	0.055	0.056	0.056	600 Read#6
B	0.061	0.064	0.060	0.062	0.060	0.062	0.061	0.061	0.060	0.063	0.062	0.061	600 Read#6
C	0.044	0.048	0.045	0.045	0.045	0.047	0.049	0.045	0.053	0.060	0.046	0.050	600 Read#6
D	0.043	0.044	0.045	0.046	0.046	0.046	0.047	0.047	0.045	0.046	0.046	0.047	600 Read#6
E	0.043	0.044	0.045	0.045	0.045	0.047	0.050	0.045	0.047	0.047	0.050	0.046	600 Read#6
F	0.044	0.044	0.045	0.045	0.044	0.046	0.048	0.045	0.046	0.047	0.047	0.046	600 Read#6
G	0.062	0.063	0.063	0.063	0.063	0.063	0.063	0.064	0.063	0.068	0.064	0.063	600 Read#6
H	0.055	0.054	0.055	0.055	0.055	0.055	0.055	0.055	0.056	0.056	0.055	0.056	600 Read#6

600
Kinetic read 7 (2:19:29)
	1	2	3	4	5	6	7	8	9	10	11	12
A	0.054	0.053	0.054	0.054	0.055	0.058	0.054	0.054	0.057	0.054	0.055	0.056	600 Read#7
B	0.061	0.065	0.060	0.063	0.061	0.063	0.062	0.061	0.061	0.063	0.062	0.061	600 Read#7
C	0.044	0.047	0.044	0.045	0.045	0.046	0.049	0.045	0.053	0.060	0.046	0.050	600 Read#7
D	0.043	0.044	0.044	0.046	0.046	0.046	0.047	0.047	0.045	0.046	0.046	0.047	600 Read#7
E	0.043	0.044	0.045	0.045	0.045	0.047	0.050	0.044	0.047	0.047	0.050	0.046	600 Read#7
F	0.044	0.043	0.045	0.045	0.044	0.046	0.048	0.044	0.046	0.047	0.047	0.046	600 Read#7
G	0.062	0.063	0.063	0.064	0.063	0.064	0.063	0.064	0.064	0.068	0.065	0.064	600 Read#7
H	0.054	0.054	0.055	0.055	0.055	0.055	0.055	0.055	0.056	0.055	0.055	0.056	600 Read#7

600
Kinetic read 8 (2:39:29)
	1	2	3	4	5	6	7	8	9	10	11	12
A	0.054	0.053	0.054	0.054	0.054	0.056	0.054	0.054	0.057	0.054	0.055	0.056	600 Read#8
B	0.062	0.067	0.061	0.064	0.061	0.064	0.062	0.062	0.061	0.064	0.063	0.062	600 Read#8
C	0.044	0.047	0.044	0.045	0.045	0.047	0.049	0.045	0.053	0.060	0.046	0.050	600 Read#8
D	0.043	0.044	0.044	0.046	0.046	0.046	0.047	0.047	0.045	0.046	0.046	0.047	600 Read#8
E	0.043	0.044	0.044	0.045	0.045	0.047	0.050	0.045	0.047	0.047	0.050	0.046	600 Read#8
F	0.044	0.043	0.045	0.045	0.044	0.046	0.048	0.044	0.046	0.047	0.047	0.046	600 Read#8
G	0.063	0.064	0.064	0.064	0.064	0.065	0.064	0.065	0.065	0.069	0.065	0.065	600 Read#8
H	0.054	0.054	0.054	0.055	0.055	0.055	0.055	0.055	0.056	0.056	0.055	0.055	600 Read#8

600
Kinetic read 9 (2:59:29)
	1	2	3	4	5	6	7	8	9	10	11	12
A	0.054	0.053	0.054	0.054	0.055	0.054	0.054	0.054	0.057	0.054	0.055	0.056	600 Read#9
B	0.063	0.069	0.062	0.065	0.062	0.065	0.063	0.063	0.062	0.065	0.063	0.063	600 Read#9
C	0.044	0.047	0.045	0.045	0.045	0.047	0.049	0.045	0.053	0.060	0.046	0.050	600 Read#9
D	0.043	0.044	0.045	0.046	0.046	0.046	0.047	0.047	0.045	0.046	0.046	0.047	600 Read#9
E	0.043	0.044	0.044	0.045	0.045	0.047	0.050	0.045	0.047	0.047	0.050	0.045	600 Read#9
F	0.044	0.044	0.044	0.045	0.044	0.046	0.048	0.045	0.046	0.047	0.047	0.046	600 Read#9
G	0.064	0.065	0.065	0.065	0.065	0.065	0.065	0.067	0.065	0.070	0.066	0.066	600 Read#9
H	0.054	0.054	0.055	0.055	0.055	0.055	0.055	0.055	0.056	0.056	0.055	0.055	600 Read#9

600
Kinetic read 10 (3:19:29)
	1	2	3	4	5	6	7	8	9	10	11	12
A	0.054	0.054	0.054	0.054	0.055	0.054	0.054	0.055	0.057	0.055	0.055	0.056	600 Read#10
B	0.064	0.071	0.063	0.067	0.064	0.066	0.064	0.064	0.063	0.066	0.064	0.064	600 Read#10
C	0.044	0.047	0.045	0.045	0.045	0.047	0.049	0.045	0.053	0.060	0.046	0.050	600 Read#10
D	0.043	0.044	0.045	0.046	0.046	0.046	0.047	0.047	0.045	0.046	0.046	0.047	600 Read#10
E	0.043	0.044	0.045	0.045	0.045	0.047	0.050	0.045	0.047	0.047	0.050	0.046	600 Read#10
F	0.044	0.044	0.045	0.045	0.044	0.046	0.048	0.044	0.046	0.047	0.047	0.046	600 Read#10
G	0.065	0.066	0.067	0.066	0.066	0.067	0.067	0.068	0.067	0.071	0.068	0.067	600 Read#10
H	0.055	0.054	0.055	0.055	0.055	0.055	0.055	0.055	0.056	0.056	0.055	0.056	600 Read#10

600
Kinetic read 11 (3:39:29)
	1	2	3	4	5	6	7	8	9	10	11	12
A	0.054	0.053	0.054	0.054	0.054	0.054	0.054	0.054	0.057	0.054	0.055	0.056	600 Read#11
B	0.066	0.074	0.064	0.069	0.065	0.068	0.065	0.065	0.064	0.067	0.065	0.065	600 Read#11
C	0.044	0.047	0.045	0.045	0.045	0.047	0.049	0.045	0.053	0.060	0.046	0.050	600 Read#11
D	0.043	0.044	0.045	0.046	0.046	0.046	0.047	0.047	0.045	0.046	0.046	0.047	600 Read#11
E	0.043	0.044	0.045	0.045	0.045	0.047	0.050	0.045	0.047	0.047	0.050	0.046	600 Read#11
F	0.044	0.044	0.045	0.045	0.044	0.046	0.048	0.045	0.046	0.047	0.047	0.046	600 Read#11
G	0.067	0.067	0.068	0.068	0.067	0.068	0.068	0.070	0.068	0.072	0.069	0.068	600 Read#11
H	0.054	0.054	0.055	0.055	0.055	0.055	0.055	0.055	0.056	0.056	0.055	0.055	600 Read#11

600
Kinetic read 12 (3:59:29)
	1	2	3	4	5	6	7	8	9	10	11	12
A	0.054	0.053	0.054	0.054	0.055	0.054	0.054	0.055	0.057	0.054	0.055	0.056	600 Read#12
B	0.068	0.077	0.065	0.071	0.067	0.070	0.067	0.066	0.065	0.069	0.066	0.067	600 Read#12
C	0.044	0.048	0.045	0.045	0.045	0.047	0.049	0.045	0.053	0.060	0.046	0.050	600 Read#12
D	0.043	0.044	0.045	0.046	0.046	0.046	0.047	0.047	0.045	0.046	0.046	0.047	600 Read#12
E	0.043	0.044	0.045	0.045	0.045	0.047	0.050	0.045	0.048	0.047	0.050	0.046	600 Read#12
F	0.044	0.044	0.045	0.045	0.044	0.046	0.049	0.045	0.046	0.047	0.047	0.046	600 Read#12
G	0.069	0.069	0.070	0.069	0.069	0.070	0.070	0.072	0.070	0.074	0.071	0.070	600 Read#12
H	0.055	0.055	0.055	0.055	0.055	0.055	0.055	0.055	0.056	0.056	0.055	0.056	600 Read#12

600
Kinetic read 13 (4:19:29)
	1	2	3	4	5	6	7	8	9	10	11	12
A	0.054	0.053	0.054	0.054	0.055	0.061	0.054	0.054	0.057	0.054	0.055	0.056	600 Read#13
B	0.070	0.081	0.067	0.074	0.069	0.073	0.068	0.068	0.067	0.070	0.068	0.068	600 Read#13
C	0.044	0.048	0.045	0.045	0.045	0.047	0.049	0.045	0.053	0.060	0.046	0.050	600 Read#13
D	0.043	0.044	0.045	0.046	0.046	0.046	0.047	0.047	0.045	0.046	0.046	0.047	600 Read#13
E	0.043	0.044	0.045	0.045	0.045	0.047	0.050	0.045	0.048	0.047	0.050	0.046	600 Read#13
F	0.044	0.044	0.045	0.045	0.044	0.046	0.048	0.045	0.046	0.047	0.047	0.046	600 Read#13
G	0.071	0.071	0.072	0.071	0.071	0.072	0.072	0.075	0.072	0.076	0.073	0.072	600 Read#13
H	0.054	0.054	0.055	0.055	0.055	0.055	0.055	0.055	0.056	0.056	0.055	0.055	600 Read#13

600
Kinetic read 14 (4:39:29)
	1	2	3	4	5	6	7	8	9	10	11	12
A	0.054	0.053	0.054	0.054	0.055	0.061	0.054	0.054	0.057	0.054	0.055	0.056	600 Read#14
B	0.072	0.086	0.069	0.078	0.072	0.076	0.070	0.070	0.069	0.073	0.070	0.071	600 Read#14
C	0.044	0.048	0.045	0.045	0.045	0.047	0.049	0.045	0.053	0.060	0.046	0.050	600 Read#14
D	0.043	0.044	0.045	0.046	0.046	0.046	0.047	0.047	0.045	0.046	0.046	0.047	600 Read#14
E	0.043	0.044	0.045	0.045	0.045	0.047	0.050	0.045	0.047	0.047	0.050	0.046	600 Read#14
F	0.044	0.044	0.045	0.045	0.044	0.046	0.048	0.045	0.046	0.047	0.047	0.046	600 Read#14
G	0.074	0.074	0.076	0.074	0.074	0.075	0.075	0.078	0.075	0.079	0.076	0.074	600 Read#14
H	0.054	0.054	0.055	0.055	0.055	0.055	0.055	0.055	0.056	0.056	0.055	0.056	600 Read#14

600
Kinetic read 15 (4:59:29)
	1	2	3	4	5	6	7	8	9	10	11	12
A	0.054	0.053	0.053	0.054	0.054	0.054	0.054	0.054	0.057	0.054	0.055	0.056	600 Read#15
B	0.076	0.091	0.072	0.083	0.075	0.080	0.073	0.073	0.072	0.076	0.072	0.073	600 Read#15
C	0.044	0.048	0.045	0.045	0.045	0.047	0.049	0.045	0.053	0.060	0.046	0.050	600 Read#15
D	0.043	0.044	0.044	0.046	0.046	0.046	0.047	0.047	0.045	0.046	0.046	0.047	600 Read#15
E	0.043	0.044	0.045	0.045	0.045	0.047	0.050	0.045	0.047	0.047	0.050	0.046	600 Read#15
F	0.044	0.044	0.045	0.045	0.044	0.046	0.048	0.045	0.046	0.047	0.047	0.046	600 Read#15
G	0.077	0.077	0.079	0.078	0.078	0.078	0.078	0.082	0.079	0.082	0.080	0.078	600 Read#15
H	0.054	0.054	0.055	0.055	0.055	0.055	0.055	0.055	0.056	0.056	0.055	0.055	600 Read#15

600
Kinetic read 16 (5:19:29)
	1	2	3	4	5	6	7	8	9	10	11	12
A	0.054	0.053	0.054	0.054	0.055	0.055	0.054	0.054	0.057	0.054	0.055	0.056	600 Read#16
B	0.080	0.098	0.075	0.088	0.079	0.085	0.076	0.076	0.075	0.080	0.075	0.077	600 Read#16
C	0.044	0.048	0.045	0.045	0.045	0.047	0.049	0.045	0.053	0.060	0.046	0.050	600 Read#16
D	0.043	0.044	0.045	0.046	0.046	0.046	0.047	0.047	0.045	0.046	0.046	0.047	600 Read#16
E	0.043	0.044	0.045	0.045	0.045	0.047	0.050	0.045	0.047	0.047	0.050	0.046	600 Read#16
F	0.044	0.044	0.045	0.045	0.044	0.046	0.048	0.045	0.046	0.047	0.047	0.046	600 Read#16
G	0.081	0.081	0.084	0.082	0.082	0.082	0.083	0.086	0.083	0.086	0.085	0.082	600 Read#16
H	0.054	0.054	0.054	0.055	0.055	0.055	0.055	0.055	0.056	0.056	0.055	0.056	600 Read#16

600
Kinetic read 17 (5:39:29)
	1	2	3	4	5	6	7	8	9	10	11	12
A	0.054	0.053	0.053	0.054	0.055	0.054	0.054	0.054	0.057	0.054	0.055	0.056	600 Read#17
B	0.086	0.106	0.080	0.094	0.084	0.091	0.081	0.080	0.079	0.084	0.079	0.081	600 Read#17
C	0.044	0.047	0.045	0.046	0.045	0.047	0.049	0.045	0.053	0.060	0.046	0.050	600 Read#17
D	0.043	0.044	0.045	0.046	0.046	0.046	0.047	0.047	0.045	0.046	0.046	0.047	600 Read#17
E	0.043	0.044	0.045	0.045	0.045	0.047	0.050	0.045	0.047	0.047	0.050	0.046	600 Read#17
F	0.044	0.044	0.045	0.045	0.044	0.046	0.048	0.045	0.046	0.047	0.047	0.046	600 Read#17
G	0.087	0.087	0.091	0.088	0.088	0.088	0.089	0.093	0.089	0.091	0.091	0.088	600 Read#17
H	0.054	0.054	0.055	0.055	0.055	0.055	0.055	0.055	0.056	0.056	0.055	0.055	600 Read#17

600
Kinetic read 18 (5:59:29)
	1	2	3	4	5	6	7	8	9	10	11	12
A	0.054	0.053	0.054	0.054	0.055	0.054	0.054	0.054	0.057	0.055	0.055	0.056	600 Read#18
B	0.093	0.117	0.085	0.102	0.090	0.099	0.085	0.085	0.084	0.089	0.083	0.086	600 Read#18
C	0.044	0.047	0.045	0.046	0.045	0.047	0.049	0.045	0.053	0.060	0.046	0.050	600 Read#18
D	0.043	0.044	0.045	0.046	0.046	0.046	0.047	0.047	0.045	0.046	0.046	0.047	600 Read#18
E	0.043	0.044	0.045	0.045	0.045	0.047	0.050	0.045	0.048	0.047	0.050	0.046	600 Read#18
F	0.044	0.044	0.045	0.045	0.044	0.046	0.048	0.045	0.046	0.047	0.047	0.046	600 Read#18
G	0.094	0.094	0.098	0.095	0.095	0.095	0.096	0.101	0.096	0.098	0.099	0.095	600 Read#18
H	0.055	0.054	0.055	0.055	0.055	0.055	0.055	0.055	0.056	0.056	0.055	0.056	600 Read#18

600
Kinetic read 19 (6:19:29)
	1	2	3	4	5	6	7	8	9	10	11	12
A	0.054	0.053	0.053	0.054	0.054	0.053	0.054	0.054	0.057	0.054	0.055	0.056	600 Read#19
B	0.101	0.128	0.091	0.113	0.097	0.108	0.091	0.091	0.090	0.096	0.088	0.093	600 Read#19
C	0.044	0.047	0.045	0.045	0.045	0.047	0.049	0.045	0.053	0.060	0.046	0.050	600 Read#19
D	0.043	0.043	0.044	0.046	0.046	0.046	0.047	0.047	0.045	0.046	0.046	0.047	600 Read#19
E	0.043	0.044	0.044	0.045	0.045	0.047	0.050	0.045	0.047	0.047	0.050	0.045	600 Read#19
F	0.044	0.043	0.044	0.045	0.044	0.046	0.048	0.045	0.046	0.047	0.047	0.046	600 Read#19
G	0.101	0.101	0.106	0.102	0.103	0.102	0.103	0.109	0.105	0.105	0.107	0.103	600 Read#19
H	0.054	0.054	0.055	0.054	0.055	0.055	0.055	0.055	0.055	0.055	0.055	0.055	600 Read#19

600
Kinetic read 20 (6:39:29)
	1	2	3	4	5	6	7	8	9	10	11	12
A	0.054	0.053	0.053	0.054	0.055	0.054	0.054	0.054	0.057	0.054	0.055	0.056	600 Read#20
B	0.110	0.141	0.099	0.125	0.106	0.119	0.099	0.099	0.098	0.105	0.095	0.102	600 Read#20
C	0.044	0.048	0.044	0.046	0.045	0.047	0.049	0.045	0.053	0.060	0.046	0.050	600 Read#20
D	0.043	0.044	0.045	0.046	0.046	0.046	0.047	0.047	0.045	0.046	0.046	0.047	600 Read#20
E	0.043	0.044	0.045	0.045	0.045	0.047	0.050	0.045	0.048	0.047	0.050	0.046	600 Read#20
F	0.044	0.043	0.045	0.045	0.044	0.046	0.048	0.045	0.046	0.047	0.047	0.046	600 Read#20
G	0.110	0.110	0.116	0.111	0.112	0.112	0.113	0.120	0.115	0.114	0.117	0.112	600 Read#20
H	0.054	0.054	0.055	0.055	0.055	0.055	0.055	0.055	0.056	0.055	0.055	0.055	600 Read#20

600
Kinetic read 21 (6:59:29)
	1	2	3	4	5	6	7	8	9	10	11	12
A	0.054	0.053	0.053	0.053	0.054	0.054	0.054	0.054	0.057	0.054	0.055	0.056	600 Read#21
B	0.121	0.157	0.109	0.138	0.117	0.132	0.109	0.108	0.107	0.114	0.104	0.111	600 Read#21
C	0.044	0.047	0.044	0.045	0.045	0.047	0.049	0.045	0.053	0.060	0.046	0.050	600 Read#21
D	0.043	0.044	0.044	0.046	0.046	0.046	0.047	0.047	0.045	0.046	0.046	0.047	600 Read#21
E	0.043	0.044	0.045	0.045	0.045	0.047	0.050	0.045	0.047	0.047	0.050	0.046	600 Read#21
F	0.044	0.044	0.045	0.045	0.044	0.046	0.048	0.044	0.046	0.047	0.047	0.046	600 Read#21
G	0.121	0.120	0.128	0.122	0.123	0.122	0.124	0.132	0.126	0.125	0.128	0.123	600 Read#21
H	0.054	0.054	0.055	0.055	0.055	0.055	0.055	0.055	0.056	0.055	0.055	0.055	600 Read#21

600
Kinetic read 22 (7:19:29)
	1	2	3	4	5	6	7	8	9	10	11	12
A	0.054	0.053	0.053	0.053	0.054	0.054	0.054	0.054	0.057	0.054	0.055	0.056	600 Read#22
B	0.134	0.176	0.119	0.154	0.128	0.145	0.119	0.118	0.117	0.125	0.113	0.122	600 Read#22
C	0.044	0.048	0.045	0.046	0.045	0.047	0.049	0.045	0.053	0.060	0.046	0.050	600 Read#22
D	0.043	0.044	0.045	0.046	0.046	0.046	0.047	0.047	0.045	0.046	0.046	0.047	600 Read#22
E	0.043	0.044	0.045	0.045	0.045	0.047	0.050	0.045	0.048	0.047	0.050	0.046	600 Read#22
F	0.044	0.044	0.045	0.045	0.044	0.046	0.048	0.045	0.046	0.047	0.047	0.046	600 Read#22
G	0.133	0.132	0.142	0.135	0.136	0.135	0.137	0.146	0.140	0.137	0.141	0.136	600 Read#22
H	0.054	0.054	0.055	0.055	0.055	0.055	0.055	0.055	0.056	0.055	0.055	0.055	600 Read#22

600
Kinetic read 23 (7:39:29)
	1	2	3	4	5	6	7	8	9	10	11	12
A	0.054	0.053	0.053	0.053	0.054	0.053	0.054	0.054	0.056	0.054	0.055	0.056	600 Read#23
B	0.150	0.198	0.131	0.171	0.142	0.162	0.131	0.129	0.128	0.138	0.123	0.135	600 Read#23
C	0.044	0.047	0.045	0.045	0.045	0.046	0.049	0.045	0.053	0.060	0.046	0.050	600 Read#23
D	0.043	0.044	0.044	0.046	0.046	0.046	0.046	0.047	0.045	0.046	0.046	0.047	600 Read#23
E	0.043	0.044	0.045	0.045	0.045	0.047	0.050	0.044	0.047	0.047	0.050	0.045	600 Read#23
F	0.044	0.043	0.044	0.045	0.044	0.046	0.048	0.045	0.046	0.047	0.047	0.046	600 Read#23
G	0.148	0.147	0.159	0.149	0.150	0.149	0.152	0.163	0.156	0.151	0.157	0.151	600 Read#23
H	0.054	0.054	0.054	0.055	0.054	0.055	0.054	0.055	0.056	0.055	0.055	0.055	600 Read#23

600
Kinetic read 24 (7:59:29)
	1	2	3	4	5	6	7	8	9	10	11	12
A	0.054	0.053	0.053	0.053	0.054	0.056	0.054	0.054	0.057	0.054	0.055	0.056	600 Read#24
B	0.170	0.223	0.146	0.193	0.158	0.182	0.145	0.144	0.143	0.153	0.137	0.150	600 Read#24
C	0.044	0.047	0.045	0.045	0.045	0.047	0.049	0.045	0.053	0.060	0.046	0.050	600 Read#24
D	0.043	0.044	0.045	0.046	0.046	0.046	0.047	0.047	0.045	0.046	0.046	0.047	600 Read#24
E	0.043	0.044	0.045	0.045	0.045	0.047	0.050	0.044	0.047	0.047	0.050	0.045	600 Read#24
F	0.044	0.044	0.045	0.045	0.044	0.046	0.048	0.044	0.046	0.047	0.047	0.046	600 Read#24
G	0.168	0.165	0.180	0.168	0.170	0.169	0.172	0.184	0.175	0.168	0.177	0.170	600 Read#24
H	0.054	0.054	0.054	0.055	0.055	0.055	0.054	0.055	0.055	0.055	0.055	0.055	600 Read#24

600
Kinetic read 25 (8:19:29)
	1	2	3	4	5	6	7	8	9	10	11	12
A	0.054	0.053	0.053	0.053	0.054	0.053	0.054	0.054	0.057	0.054	0.055	0.056	600 Read#25
B	0.191	0.251	0.163	0.220	0.178	0.205	0.162	0.161	0.160	0.171	0.152	0.169	600 Read#25
C	0.044	0.048	0.045	0.045	0.045	0.047	0.049	0.045	0.053	0.060	0.046	0.050	600 Read#25
D	0.043	0.044	0.045	0.046	0.046	0.046	0.047	0.047	0.045	0.046	0.046	0.047	600 Read#25
E	0.043	0.044	0.045	0.045	0.045	0.047	0.050	0.045	0.047	0.047	0.050	0.046	600 Read#25
F	0.044	0.043	0.045	0.045	0.044	0.046	0.048	0.045	0.046	0.047	0.047	0.046	600 Read#25
G	0.190	0.187	0.203	0.190	0.192	0.191	0.194	0.208	0.199	0.190	0.200	0.193	600 Read#25
H	0.055	0.054	0.055	0.055	0.055	0.055	0.055	0.055	0.056	0.055	0.055	0.055	600 Read#25

600
Kinetic read 26 (8:39:29)
	1	2	3	4	5	6	7	8	9	10	11	12
A	0.054	0.053	0.053	0.053	0.054	0.053	0.054	0.054	0.057	0.054	0.055	0.056	600 Read#26
B	0.217	0.282	0.184	0.250	0.201	0.233	0.182	0.181	0.179	0.192	0.170	0.191	600 Read#26
C	0.044	0.047	0.044	0.045	0.045	0.047	0.049	0.045	0.053	0.060	0.046	0.050	600 Read#26
D	0.043	0.044	0.045	0.046	0.046	0.046	0.047	0.047	0.045	0.046	0.046	0.047	600 Read#26
E	0.043	0.044	0.044	0.045	0.045	0.047	0.050	0.045	0.047	0.047	0.050	0.046	600 Read#26
F	0.044	0.044	0.045	0.045	0.044	0.046	0.048	0.044	0.046	0.047	0.047	0.046	600 Read#26
G	0.217	0.213	0.231	0.216	0.219	0.216	0.221	0.236	0.225	0.214	0.227	0.219	600 Read#26
H	0.054	0.054	0.055	0.055	0.055	0.055	0.055	0.055	0.055	0.055	0.055	0.055	600 Read#26

600
Kinetic read 27 (8:59:29)
	1	2	3	4	5	6	7	8	9	10	11	12
A	0.054	0.053	0.053	0.053	0.054	0.054	0.054	0.054	0.057	0.054	0.055	0.056	600 Read#27
B	0.253	0.319	0.208	0.286	0.226	0.265	0.206	0.204	0.203	0.217	0.191	0.217	600 Read#27
C	0.044	0.048	0.045	0.045	0.045	0.047	0.049	0.045	0.053	0.060	0.046	0.050	600 Read#27
D	0.043	0.044	0.045	0.046	0.046	0.046	0.047	0.047	0.045	0.046	0.046	0.047	600 Read#27
E	0.043	0.044	0.045	0.045	0.045	0.047	0.050	0.045	0.048	0.047	0.050	0.046	600 Read#27
F	0.044	0.044	0.045	0.045	0.044	0.046	0.048	0.045	0.046	0.047	0.047	0.046	600 Read#27
G	0.249	0.245	0.266	0.248	0.251	0.248	0.253	0.270	0.256	0.244	0.260	0.251	600 Read#27
H	0.054	0.054	0.055	0.055	0.054	0.055	0.055	0.055	0.056	0.055	0.055	0.055	600 Read#27

600
Kinetic read 28 (9:19:29)
	1	2	3	4	5	6	7	8	9	10	11	12
A	0.054	0.053	0.053	0.053	0.054	0.057	0.054	0.054	0.057	0.054	0.055	0.056	600 Read#28
B	0.296	0.360	0.235	0.330	0.256	0.304	0.233	0.231	0.231	0.246	0.216	0.246	600 Read#28
C	0.044	0.048	0.045	0.046	0.045	0.047	0.049	0.045	0.053	0.060	0.046	0.050	600 Read#28
D	0.043	0.044	0.045	0.046	0.046	0.046	0.047	0.047	0.045	0.046	0.046	0.047	600 Read#28
E	0.043	0.044	0.045	0.045	0.045	0.047	0.050	0.045	0.048	0.047	0.050	0.046	600 Read#28
F	0.044	0.044	0.045	0.045	0.044	0.046	0.048	0.045	0.046	0.047	0.047	0.046	600 Read#28
G	0.289	0.284	0.307	0.286	0.289	0.286	0.293	0.311	0.293	0.281	0.298	0.289	600 Read#28
H	0.055	0.055	0.055	0.055	0.055	0.055	0.055	0.055	0.056	0.055	0.055	0.055	600 Read#28

600
Kinetic read 29 (9:39:29)
	1	2	3	4	5	6	7	8	9	10	11	12
A	0.054	0.053	0.053	0.053	0.054	0.054	0.054	0.054	0.057	0.054	0.055	0.056	600 Read#29
B	0.343	0.405	0.268	0.381	0.292	0.350	0.265	0.262	0.262	0.280	0.245	0.281	600 Read#29
C	0.044	0.047	0.045	0.046	0.045	0.047	0.049	0.045	0.053	0.060	0.046	0.050	600 Read#29
D	0.043	0.044	0.045	0.046	0.046	0.046	0.047	0.047	0.045	0.046	0.046	0.047	600 Read#29
E	0.043	0.044	0.045	0.045	0.045	0.047	0.050	0.045	0.048	0.047	0.050	0.045	600 Read#29
F	0.044	0.043	0.045	0.045	0.044	0.046	0.048	0.045	0.046	0.047	0.047	0.046	600 Read#29
G	0.336	0.331	0.357	0.332	0.336	0.331	0.339	0.360	0.338	0.323	0.346	0.337	600 Read#29
H	0.054	0.054	0.055	0.055	0.055	0.055	0.055	0.055	0.056	0.056	0.055	0.055	600 Read#29

600
Kinetic read 30 (9:59:29)
	1	2	3	4	5	6	7	8	9	10	11	12
A	0.054	0.053	0.053	0.053	0.054	0.053	0.054	0.054	0.056	0.054	0.055	0.056	600 Read#30
B	0.391	0.455	0.307	0.438	0.335	0.403	0.303	0.299	0.300	0.319	0.279	0.323	600 Read#30
C	0.044	0.048	0.044	0.045	0.045	0.046	0.049	0.045	0.053	0.060	0.046	0.050	600 Read#30
D	0.043	0.044	0.045	0.046	0.046	0.046	0.047	0.047	0.045	0.046	0.046	0.047	600 Read#30
E	0.043	0.044	0.045	0.045	0.045	0.047	0.050	0.045	0.048	0.047	0.050	0.045	600 Read#30
F	0.044	0.044	0.045	0.045	0.044	0.046	0.048	0.045	0.046	0.047	0.047	0.046	600 Read#30
G	0.386	0.382	0.416	0.386	0.390	0.384	0.395	0.416	0.393	0.374	0.399	0.386	600 Read#30
H	0.054	0.054	0.054	0.054	0.055	0.055	0.054	0.055	0.055	0.055	0.055	0.055	600 Read#30

600
Kinetic read 31 (10:19:29)
	1	2	3	4	5	6	7	8	9	10	11	12
A	0.054	0.053	0.053	0.053	0.054	0.062	0.054	0.054	0.056	0.054	0.055	0.056	600 Read#31
B	0.437	0.509	0.355	0.501	0.386	0.463	0.349	0.345	0.347	0.367	0.320	0.374	600 Read#31
C	0.044	0.048	0.045	0.046	0.045	0.047	0.049	0.045	0.053	0.060	0.046	0.050	600 Read#31
D	0.043	0.044	0.044	0.046	0.046	0.046	0.047	0.047	0.045	0.046	0.046	0.047	600 Read#31
E	0.043	0.044	0.045	0.045	0.045	0.047	0.050	0.045	0.048	0.047	0.050	0.046	600 Read#31
F	0.044	0.044	0.045	0.045	0.044	0.046	0.048	0.045	0.046	0.047	0.047	0.046	600 Read#31
G	0.466	0.464	0.491	0.468	0.473	0.469	0.478	0.496	0.455	0.440	0.480	0.467	600 Read#31
H	0.054	0.054	0.055	0.055	0.055	0.055	0.055	0.055	0.056	0.055	0.055	0.055	600 Read#31

600
Kinetic read 32 (10:39:29)
	1	2	3	4	5	6	7	8	9	10	11	12
A	0.054	0.053	0.053	0.053	0.054	0.058	0.054	0.054	0.056	0.054	0.055	0.056	600 Read#32
B	0.462	0.568	0.409	0.572	0.442	0.528	0.402	0.397	0.400	0.423	0.370	0.429	600 Read#32
C	0.044	0.048	0.045	0.045	0.045	0.047	0.049	0.045	0.053	0.060	0.046	0.050	600 Read#32
D	0.043	0.044	0.045	0.046	0.046	0.046	0.047	0.047	0.045	0.046	0.046	0.047	600 Read#32
E	0.043	0.044	0.045	0.045	0.045	0.047	0.050	0.045	0.048	0.047	0.050	0.046	600 Read#32
F	0.044	0.044	0.045	0.045	0.044	0.046	0.049	0.045	0.046	0.047	0.047	0.046	600 Read#32
G	0.509	0.511	0.537	0.519	0.522	0.517	0.523	0.538	0.526	0.505	0.525	0.516	600 Read#32
H	0.055	0.054	0.055	0.055	0.055	0.055	0.055	0.055	0.056	0.055	0.055	0.055	600 Read#32

600
Kinetic read 33 (10:59:29)
	1	2	3	4	5	6	7	8	9	10	11	12
A	0.054	0.053	0.053	0.053	0.054	0.060	0.053	0.054	0.056	0.054	0.054	0.056	600 Read#33
B	0.498	0.634	0.480	0.652	0.517	0.610	0.461	0.456	0.460	0.498	0.425	0.506	600 Read#33
C	0.044	0.047	0.044	0.045	0.045	0.047	0.049	0.045	0.053	0.060	0.046	0.050	600 Read#33
D	0.043	0.044	0.045	0.046	0.046	0.046	0.047	0.047	0.045	0.046	0.046	0.047	600 Read#33
E	0.043	0.044	0.045	0.045	0.045	0.047	0.050	0.045	0.047	0.047	0.050	0.045	600 Read#33
F	0.044	0.043	0.044	0.045	0.044	0.046	0.048	0.044	0.046	0.047	0.047	0.045	600 Read#33
G	0.550	0.552	0.589	0.564	0.567	0.561	0.568	0.585	0.575	0.548	0.568	0.559	600 Read#33
H	0.054	0.054	0.054	0.054	0.054	0.055	0.054	0.055	0.055	0.055	0.055	0.055	600 Read#33

600
Kinetic read 34 (11:19:29)
	1	2	3	4	5	6	7	8	9	10	11	12
A	0.054	0.053	0.053	0.053	0.054	0.057	0.053	0.054	0.056	0.054	0.055	0.056	600 Read#34
B	0.527	0.688	0.533	0.707	0.558	0.680	0.530	0.527	0.530	0.547	0.502	0.552	600 Read#34
C	0.044	0.048	0.045	0.045	0.045	0.047	0.049	0.045	0.053	0.060	0.046	0.050	600 Read#34
D	0.043	0.044	0.044	0.046	0.046	0.046	0.047	0.047	0.045	0.046	0.046	0.047	600 Read#34
E	0.043	0.044	0.045	0.045	0.045	0.047	0.050	0.045	0.048	0.047	0.051	0.046	600 Read#34
F	0.044	0.044	0.045	0.045	0.044	0.046	0.049	0.045	0.046	0.047	0.047	0.046	600 Read#34
G	0.631	0.616	0.671	0.650	0.655	0.649	0.658	0.671	0.648	0.615	0.651	0.633	600 Read#34
H	0.055	0.054	0.055	0.054	0.054	0.055	0.055	0.055	0.056	0.055	0.055	0.055	600 Read#34

600
Kinetic read 35 (11:39:29)
	1	2	3	4	5	6	7	8	9	10	11	12
A	0.054	0.053	0.053	0.053	0.054	0.059	0.053	0.054	0.056	0.054	0.054	0.055	600 Read#35
B	0.549	0.743	0.578	0.783	0.623	0.739	0.575	0.572	0.576	0.594	0.546	0.598	600 Read#35
C	0.044	0.048	0.044	0.045	0.045	0.047	0.049	0.045	0.053	0.060	0.046	0.050	600 Read#35
D	0.043	0.044	0.045	0.046	0.046	0.046	0.047	0.047	0.045	0.046	0.046	0.047	600 Read#35
E	0.043	0.044	0.045	0.045	0.045	0.047	0.050	0.045	0.048	0.047	0.050	0.046	600 Read#35
F	0.044	0.043	0.045	0.045	0.044	0.046	0.048	0.044	0.046	0.047	0.047	0.046	600 Read#35
G	0.688	0.671	0.727	0.708	0.712	0.705	0.712	0.726	0.710	0.683	0.710	0.695	600 Read#35
H	0.054	0.054	0.054	0.054	0.054	0.055	0.054	0.055	0.055	0.055	0.055	0.055	600 Read#35

600
Kinetic read 36 (11:59:29)
	1	2	3	4	5	6	7	8	9	10	11	12
A	0.054	0.053	0.053	0.053	0.054	0.060	0.053	0.054	0.056	0.054	0.054	0.055	600 Read#36
B	0.576	0.803	0.647	0.841	0.674	0.810	0.643	0.641	0.643	0.662	0.599	0.665	600 Read#36
C	0.044	0.047	0.044	0.045	0.045	0.047	0.049	0.045	0.053	0.060	0.046	0.050	600 Read#36
D	0.043	0.044	0.045	0.046	0.046	0.046	0.047	0.047	0.045	0.046	0.046	0.047	600 Read#36
E	0.043	0.044	0.045	0.045	0.045	0.047	0.050	0.045	0.048	0.047	0.050	0.045	600 Read#36
F	0.044	0.043	0.045	0.045	0.044	0.046	0.048	0.045	0.046	0.047	0.047	0.046	600 Read#36
G	0.748	0.711	0.790	0.771	0.778	0.768	0.777	0.792	0.778	0.742	0.774	0.755	600 Read#36
H	0.054	0.054	0.054	0.054	0.054	0.055	0.054	0.054	0.055	0.055	0.055	0.055	600 Read#36

600
Kinetic read 37 (12:19:29)
	1	2	3	4	5	6	7	8	9	10	11	12
A	0.053	0.052	0.053	0.053	0.054	0.064	0.053	0.053	0.056	0.054	0.054	0.055	600 Read#37
B	0.611	0.856	0.695	0.895	0.723	0.865	0.694	0.692	0.697	0.713	0.662	0.715	600 Read#37
C	0.044	0.047	0.044	0.045	0.045	0.047	0.049	0.045	0.053	0.060	0.046	0.050	600 Read#37
D	0.043	0.044	0.044	0.046	0.046	0.046	0.047	0.047	0.045	0.046	0.046	0.047	600 Read#37
E	0.043	0.044	0.045	0.045	0.045	0.047	0.050	0.045	0.047	0.047	0.050	0.045	600 Read#37
F	0.044	0.044	0.045	0.045	0.044	0.046	0.048	0.044	0.046	0.047	0.047	0.046	600 Read#37
G	0.799	0.756	0.843	0.828	0.834	0.824	0.835	0.847	0.830	0.804	0.822	0.808	600 Read#37
H	0.054	0.054	0.054	0.054	0.054	0.055	0.054	0.054	0.055	0.055	0.055	0.055	600 Read#37

600
Kinetic read 38 (12:39:29)
	1	2	3	4	5	6	7	8	9	10	11	12
A	0.053	0.053	0.053	0.053	0.054	0.066	0.053	0.054	0.056	0.054	0.055	0.055	600 Read#38
B	0.628	0.906	0.751	0.948	0.778	0.914	0.748	0.746	0.755	0.771	0.712	0.774	600 Read#38
C	0.044	0.048	0.045	0.045	0.045	0.047	0.049	0.045	0.053	0.060	0.046	0.050	600 Read#38
D	0.043	0.044	0.045	0.046	0.046	0.046	0.047	0.047	0.045	0.047	0.046	0.047	600 Read#38
E	0.043	0.044	0.045	0.045	0.045	0.047	0.050	0.045	0.048	0.047	0.050	0.046	600 Read#38
F	0.044	0.044	0.045	0.045	0.044	0.046	0.048	0.045	0.046	0.047	0.047	0.046	600 Read#38
G	0.851	0.798	0.890	0.877	0.883	0.874	0.888	0.895	0.880	0.848	0.867	0.851	600 Read#38
H	0.055	0.054	0.055	0.054	0.054	0.055	0.055	0.055	0.056	0.055	0.055	0.055	600 Read#38

600
Kinetic read 39 (12:59:29)
	1	2	3	4	5	6	7	8	9	10	11	12
A	0.053	0.052	0.053	0.053	0.054	0.054	0.053	0.053	0.056	0.054	0.054	0.055	600 Read#39
B	0.654	0.964	0.801	0.989	0.822	0.967	0.801	0.801	0.807	0.825	0.768	0.821	600 Read#39
C	0.044	0.047	0.045	0.045	0.045	0.047	0.049	0.045	0.053	0.060	0.046	0.050	600 Read#39
D	0.043	0.044	0.045	0.046	0.046	0.046	0.047	0.047	0.045	0.046	0.046	0.047	600 Read#39
E	0.043	0.044	0.045	0.045	0.045	0.047	0.050	0.045	0.047	0.047	0.050	0.046	600 Read#39
F	0.044	0.044	0.045	0.045	0.044	0.046	0.048	0.045	0.046	0.047	0.047	0.046	600 Read#39
G	0.892	0.835	0.936	0.920	0.925	0.918	0.932	0.938	0.922	0.891	0.907	0.889	600 Read#39
H	0.054	0.054	0.054	0.054	0.054	0.055	0.054	0.054	0.055	0.055	0.055	0.055	600 Read#39

600
Kinetic read 40 (13:19:29)
	1	2	3	4	5	6	7	8	9	10	11	12
A	0.053	0.052	0.053	0.053	0.053	0.063	0.053	0.053	0.056	0.054	0.054	0.055	600 Read#40
B	0.674	0.998	0.846	1.021	0.866	1.003	0.850	0.842	0.852	0.871	0.819	0.864	600 Read#40
C	0.044	0.047	0.045	0.045	0.045	0.047	0.049	0.045	0.053	0.060	0.046	0.050	600 Read#40
D	0.043	0.044	0.044	0.046	0.046	0.046	0.047	0.047	0.045	0.046	0.046	0.047	600 Read#40
E	0.043	0.044	0.045	0.045	0.045	0.047	0.050	0.045	0.048	0.047	0.050	0.046	600 Read#40
F	0.044	0.044	0.045	0.045	0.044	0.046	0.048	0.045	0.046	0.047	0.047	0.046	600 Read#40
G	0.930	0.874	0.979	0.961	0.966	0.958	0.973	0.979	0.962	0.930	0.943	0.925	600 Read#40
H	0.055	0.054	0.054	0.054	0.054	0.055	0.054	0.054	0.055	0.055	0.055	0.055	600 Read#40

600
Kinetic read 41 (13:39:29)
	1	2	3	4	5	6	7	8	9	10	11	12
A	0.053	0.052	0.053	0.053	0.053	0.059	0.053	0.053	0.056	0.053	0.054	0.055	600 Read#41
B	0.698	1.031	0.886	1.057	0.906	1.023	0.893	0.882	0.890	0.910	0.865	0.904	600 Read#41
C	0.044	0.047	0.045	0.045	0.045	0.046	0.049	0.045	0.053	0.060	0.046	0.050	600 Read#41
D	0.043	0.043	0.045	0.046	0.046	0.046	0.047	0.047	0.045	0.046	0.046	0.047	600 Read#41
E	0.043	0.044	0.045	0.045	0.045	0.047	0.050	0.044	0.047	0.047	0.050	0.045	600 Read#41
F	0.044	0.044	0.044	0.045	0.044	0.046	0.048	0.044	0.046	0.047	0.047	0.046	600 Read#41
G	0.968	0.908	1.018	1.000	1.004	0.996	1.014	1.020	1.002	0.969	0.979	0.960	600 Read#41
H	0.054	0.054	0.054	0.054	0.054	0.055	0.054	0.054	0.055	0.055	0.055	0.055	600 Read#41

600
Kinetic read 42 (13:59:29)
	1	2	3	4	5	6	7	8	9	10	11	12
A	0.053	0.052	0.052	0.053	0.053	0.065	0.053	0.053	0.056	0.053	0.054	0.055	600 Read#42
B	0.724	1.066	0.923	1.074	0.947	1.049	0.932	0.921	0.930	0.950	0.906	0.942	600 Read#42
C	0.044	0.048	0.045	0.045	0.045	0.047	0.049	0.045	0.053	0.060	0.046	0.050	600 Read#42
D	0.043	0.044	0.044	0.046	0.046	0.046	0.047	0.047	0.045	0.046	0.046	0.047	600 Read#42
E	0.043	0.044	0.045	0.045	0.045	0.047	0.050	0.045	0.047	0.047	0.050	0.046	600 Read#42
F	0.044	0.043	0.045	0.045	0.044	0.046	0.048	0.045	0.046	0.047	0.047	0.046	600 Read#42
G	1.005	0.945	1.053	1.035	1.039	1.033	1.053	1.059	1.041	1.007	1.016	0.997	600 Read#42
H	0.054	0.054	0.054	0.054	0.054	0.055	0.054	0.055	0.055	0.055	0.054	0.055	600 Read#42

600
Kinetic read 43 (14:19:29)
	1	2	3	4	5	6	7	8	9	10	11	12
A	0.054	0.052	0.053	0.053	0.054	0.064	0.053	0.053	0.056	0.054	0.054	0.055	600 Read#43
B	0.743	1.105	0.962	1.154	0.986	1.078	0.972	0.963	0.971	0.990	0.946	0.982	600 Read#43
C	0.044	0.048	0.045	0.046	0.045	0.047	0.049	0.045	0.053	0.060	0.046	0.050	600 Read#43
D	0.043	0.044	0.045	0.046	0.046	0.046	0.047	0.047	0.045	0.046	0.046	0.047	600 Read#43
E	0.043	0.044	0.045	0.045	0.045	0.047	0.050	0.045	0.048	0.047	0.050	0.046	600 Read#43
F	0.044	0.044	0.045	0.045	0.044	0.046	0.049	0.045	0.046	0.047	0.047	0.046	600 Read#43
G	1.042	0.979	1.089	1.070	1.073	1.068	1.090	1.097	1.078	1.043	1.051	1.031	600 Read#43
H	0.054	0.054	0.054	0.055	0.054	0.055	0.055	0.055	0.055	0.055	0.055	0.055	600 Read#43

600
Kinetic read 44 (14:39:29)
	1	2	3	4	5	6	7	8	9	10	11	12
A	0.053	0.052	0.052	0.052	0.053	0.065	0.053	0.053	0.056	0.053	0.054	0.055	600 Read#44
B	0.769	1.133	0.997	1.299	1.023	1.139	1.008	1.003	1.009	1.028	0.985	1.019	600 Read#44
C	0.044	0.047	0.045	0.045	0.045	0.047	0.049	0.045	0.053	0.060	0.046	0.050	600 Read#44
D	0.043	0.044	0.045	0.046	0.046	0.046	0.047	0.047	0.045	0.046	0.046	0.047	600 Read#44
E	0.043	0.044	0.045	0.045	0.045	0.047	0.050	0.045	0.048	0.047	0.050	0.046	600 Read#44
F	0.044	0.044	0.045	0.045	0.044	0.046	0.048	0.044	0.046	0.047	0.047	0.046	600 Read#44
G	1.079	1.013	1.121	1.104	1.107	1.102	1.124	1.131	1.111	1.079	1.087	1.067	600 Read#44
H	0.054	0.054	0.054	0.054	0.054	0.055	0.054	0.054	0.055	0.055	0.054	0.055	600 Read#44

600
Kinetic read 45 (14:59:29)
	1	2	3	4	5	6	7	8	9	10	11	12
A	0.053	0.052	0.052	0.052	0.053	0.063	0.053	0.053	0.056	0.053	0.054	0.055	600 Read#45
B	0.792	1.153	1.034	1.158	1.061	1.147	1.044	1.042	1.047	1.063	1.023	1.055	600 Read#45
C	0.044	0.047	0.045	0.046	0.045	0.047	0.049	0.045	0.053	0.060	0.046	0.050	600 Read#45
D	0.043	0.044	0.044	0.046	0.046	0.046	0.047	0.047	0.045	0.046	0.046	0.047	600 Read#45
E	0.043	0.044	0.044	0.045	0.045	0.047	0.050	0.045	0.047	0.047	0.050	0.045	600 Read#45
F	0.044	0.044	0.045	0.045	0.044	0.046	0.048	0.045	0.046	0.047	0.047	0.046	600 Read#45
G	1.112	1.048	1.155	1.135	1.138	1.134	1.157	1.164	1.141	1.117	1.122	1.100	600 Read#45
H	0.054	0.054	0.054	0.054	0.054	0.055	0.054	0.054	0.055	0.055	0.054	0.055	600 Read#45

600
Kinetic read 46 (15:19:29)
	1	2	3	4	5	6	7	8	9	10	11	12
A	0.053	0.052	0.052	0.052	0.053	0.065	0.053	0.053	0.056	0.053	0.054	0.055	600 Read#46
B	0.814	1.176	1.065	1.170	1.095	1.158	1.076	1.079	1.082	1.095	1.058	1.088	600 Read#46
C	0.044	0.047	0.044	0.045	0.045	0.047	0.049	0.045	0.053	0.060	0.046	0.050	600 Read#46
D	0.043	0.044	0.044	0.046	0.046	0.046	0.047	0.047	0.045	0.046	0.046	0.047	600 Read#46
E	0.043	0.044	0.045	0.045	0.045	0.047	0.050	0.044	0.047	0.047	0.050	0.045	600 Read#46
F	0.044	0.043	0.044	0.045	0.044	0.046	0.048	0.045	0.046	0.047	0.047	0.046	600 Read#46
G	1.142	1.084	1.185	1.165	1.168	1.164	1.189	1.194	1.169	1.151	1.154	1.129	600 Read#46
H	0.054	0.054	0.054	0.054	0.054	0.055	0.054	0.054	0.055	0.055	0.054	0.054	600 Read#46

600
Kinetic read 47 (15:39:29)
	1	2	3	4	5	6	7	8	9	10	11	12
A	0.053	0.052	0.052	0.052	0.053	0.056	0.053	0.053	0.055	0.053	0.054	0.055	600 Read#47
B	0.839	1.198	1.093	1.346	1.126	1.169	1.105	1.109	1.113	1.123	1.089	1.115	600 Read#47
C	0.044	0.047	0.045	0.045	0.045	0.047	0.049	0.045	0.053	0.060	0.046	0.050	600 Read#47
D	0.043	0.044	0.045	0.046	0.046	0.046	0.047	0.047	0.045	0.046	0.046	0.047	600 Read#47
E	0.043	0.044	0.045	0.045	0.045	0.047	0.050	0.045	0.048	0.047	0.050	0.046	600 Read#47
F	0.044	0.044	0.045	0.045	0.044	0.046	0.048	0.045	0.046	0.047	0.047	0.046	600 Read#47
G	1.167	1.117	1.213	1.194	1.196	1.195	1.218	1.222	1.195	1.180	1.181	1.155	600 Read#47
H	0.055	0.054	0.054	0.054	0.054	0.055	0.054	0.054	0.055	0.055	0.054	0.054	600 Read#47

600
Kinetic read 48 (15:59:29)
	1	2	3	4	5	6	7	8	9	10	11	12
A	0.053	0.052	0.052	0.052	0.053	0.054	0.052	0.053	0.055	0.053	0.054	0.054	600 Read#48
B	0.862	1.225	1.118	1.265	1.154	1.220	1.131	1.135	1.143	1.150	1.116	1.136	600 Read#48
C	0.044	0.047	0.044	0.045	0.045	0.047	0.049	0.045	0.053	0.060	0.046	0.050	600 Read#48
D	0.043	0.044	0.044	0.046	0.046	0.046	0.047	0.047	0.045	0.046	0.046	0.047	600 Read#48
E	0.043	0.044	0.045	0.045	0.045	0.047	0.050	0.045	0.047	0.047	0.050	0.045	600 Read#48
F	0.044	0.043	0.044	0.045	0.044	0.046	0.048	0.044	0.046	0.047	0.047	0.046	600 Read#48
G	1.188	1.149	1.240	1.221	1.222	1.221	1.245	1.249	1.220	1.208	1.208	1.176	600 Read#48
H	0.054	0.054	0.054	0.054	0.054	0.055	0.054	0.054	0.055	0.055	0.054	0.054	600 Read#48

600
Kinetic read 49 (16:19:29)
	1	2	3	4	5	6	7	8	9	10	11	12
A	0.053	0.052	0.052	0.052	0.053	0.057	0.052	0.053	0.055	0.053	0.054	0.054	600 Read#49
B	0.885	1.249	1.144	1.409	1.176	1.416	1.154	1.161	1.169	1.176	1.142	1.154	600 Read#49
C	0.044	0.047	0.044	0.045	0.045	0.047	0.049	0.045	0.053	0.060	0.046	0.050	600 Read#49
D	0.043	0.044	0.045	0.046	0.046	0.046	0.047	0.047	0.045	0.046	0.046	0.047	600 Read#49
E	0.043	0.044	0.045	0.045	0.045	0.047	0.050	0.044	0.047	0.047	0.050	0.045	600 Read#49
F	0.044	0.043	0.045	0.045	0.044	0.046	0.048	0.045	0.046	0.047	0.047	0.046	600 Read#49
G	1.207	1.179	1.264	1.245	1.246	1.246	1.270	1.274	1.245	1.234	1.232	1.194	600 Read#49
H	0.054	0.054	0.054	0.054	0.054	0.055	0.054	0.054	0.055	0.055	0.054	0.054	600 Read#49

