600
Kinetic read 1 (0:19:29)
	1	2	3	4	5	6	7	8	9	10	11	12
A	0.053	0.054	0.054	0.054	0.055	0.054	0.055	0.055	0.057	0.055	0.055	0.056	600 Read#1
B	0.058	0.059	0.059	0.058	0.059	0.060	0.061	0.061	0.061	0.062	0.061	0.060	600 Read#1
C	0.044	0.043	0.044	0.045	0.045	0.046	0.049	0.045	0.053	0.060	0.046	0.050	600 Read#1
D	0.043	0.044	0.044	0.050	0.046	0.046	0.047	0.047	0.046	0.047	0.047	0.047	600 Read#1
E	0.043	0.045	0.045	0.045	0.046	0.046	0.050	0.045	0.048	0.047	0.050	0.046	600 Read#1
F	0.043	0.044	0.045	0.045	0.044	0.046	0.047	0.045	0.046	0.047	0.047	0.046	600 Read#1
G	0.059	0.059	0.058	0.059	0.059	0.061	0.060	0.061	0.062	0.064	0.060	0.060	600 Read#1
H	0.054	0.054	0.055	0.055	0.055	0.055	0.055	0.055	0.056	0.056	0.055	0.056	600 Read#1

600
Kinetic read 2 (0:39:29)
	1	2	3	4	5	6	7	8	9	10	11	12
A	0.053	0.054	0.054	0.054	0.055	0.054	0.055	0.055	0.058	0.055	0.055	0.056	600 Read#2
B	0.058	0.059	0.060	0.058	0.060	0.060	0.061	0.062	0.061	0.063	0.062	0.061	600 Read#2
C	0.044	0.043	0.045	0.045	0.045	0.046	0.049	0.045	0.053	0.059	0.046	0.050	600 Read#2
D	0.043	0.044	0.044	0.050	0.046	0.046	0.047	0.047	0.046	0.047	0.046	0.047	600 Read#2
E	0.043	0.044	0.045	0.045	0.046	0.046	0.050	0.045	0.048	0.047	0.051	0.046	600 Read#2
F	0.043	0.044	0.044	0.045	0.044	0.046	0.047	0.044	0.046	0.047	0.047	0.046	600 Read#2
G	0.059	0.059	0.059	0.060	0.060	0.061	0.060	0.061	0.063	0.065	0.061	0.061	600 Read#2
H	0.054	0.054	0.055	0.055	0.055	0.056	0.055	0.055	0.056	0.056	0.055	0.057	600 Read#2

600
Kinetic read 3 (0:59:29)
	1	2	3	4	5	6	7	8	9	10	11	12
A	0.053	0.053	0.054	0.054	0.055	0.054	0.055	0.055	0.058	0.055	0.056	0.056	600 Read#3
B	0.059	0.060	0.060	0.058	0.061	0.061	0.062	0.063	0.061	0.063	0.062	0.061	600 Read#3
C	0.044	0.043	0.044	0.045	0.045	0.046	0.049	0.045	0.053	0.060	0.046	0.050	600 Read#3
D	0.043	0.044	0.044	0.050	0.046	0.046	0.047	0.047	0.046	0.047	0.047	0.047	600 Read#3
E	0.043	0.045	0.045	0.045	0.046	0.046	0.050	0.045	0.048	0.047	0.051	0.046	600 Read#3
F	0.043	0.044	0.045	0.045	0.044	0.046	0.047	0.045	0.046	0.047	0.047	0.046	600 Read#3
G	0.059	0.060	0.059	0.060	0.061	0.061	0.061	0.061	0.063	0.065	0.061	0.061	600 Read#3
H	0.054	0.054	0.055	0.055	0.055	0.055	0.055	0.056	0.056	0.056	0.055	0.055	600 Read#3

600
Kinetic read 4 (1:19:29)
	1	2	3	4	5	6	7	8	9	10	11	12
A	0.054	0.054	0.054	0.054	0.055	0.054	0.055	0.055	0.058	0.055	0.056	0.056	600 Read#4
B	0.059	0.060	0.060	0.059	0.061	0.061	0.062	0.063	0.062	0.063	0.063	0.061	600 Read#4
C	0.044	0.044	0.045	0.045	0.045	0.046	0.049	0.045	0.053	0.060	0.046	0.050	600 Read#4
D	0.043	0.044	0.045	0.050	0.046	0.046	0.047	0.048	0.046	0.047	0.047	0.047	600 Read#4
E	0.043	0.044	0.045	0.045	0.046	0.046	0.050	0.045	0.048	0.047	0.051	0.046	600 Read#4
F	0.043	0.044	0.045	0.045	0.044	0.046	0.047	0.045	0.046	0.047	0.047	0.046	600 Read#4
G	0.060	0.060	0.060	0.061	0.061	0.062	0.061	0.061	0.063	0.066	0.062	0.061	600 Read#4
H	0.054	0.054	0.055	0.055	0.055	0.056	0.055	0.055	0.056	0.056	0.055	0.056	600 Read#4

600
Kinetic read 5 (1:39:29)
	1	2	3	4	5	6	7	8	9	10	11	12
A	0.054	0.054	0.054	0.054	0.055	0.054	0.055	0.055	0.058	0.055	0.055	0.056	600 Read#5
B	0.059	0.060	0.061	0.059	0.062	0.062	0.063	0.064	0.063	0.064	0.063	0.062	600 Read#5
C	0.044	0.043	0.045	0.046	0.045	0.046	0.049	0.045	0.053	0.060	0.046	0.050	600 Read#5
D	0.043	0.044	0.044	0.050	0.046	0.046	0.047	0.048	0.046	0.047	0.047	0.047	600 Read#5
E	0.043	0.044	0.045	0.045	0.046	0.046	0.050	0.045	0.048	0.047	0.051	0.046	600 Read#5
F	0.043	0.044	0.045	0.045	0.044	0.046	0.047	0.045	0.046	0.047	0.047	0.046	600 Read#5
G	0.060	0.060	0.060	0.061	0.061	0.062	0.062	0.062	0.064	0.066	0.062	0.062	600 Read#5
H	0.054	0.054	0.055	0.055	0.055	0.056	0.055	0.055	0.056	0.056	0.055	0.056	600 Read#5

600
Kinetic read 6 (1:59:29)
	1	2	3	4	5	6	7	8	9	10	11	12
A	0.053	0.053	0.053	0.054	0.055	0.054	0.055	0.055	0.058	0.055	0.055	0.056	600 Read#6
B	0.060	0.061	0.062	0.060	0.062	0.063	0.063	0.064	0.063	0.065	0.064	0.063	600 Read#6
C	0.044	0.043	0.044	0.045	0.045	0.046	0.049	0.045	0.053	0.059	0.046	0.050	600 Read#6
D	0.043	0.044	0.044	0.050	0.046	0.046	0.047	0.047	0.047	0.047	0.046	0.047	600 Read#6
E	0.043	0.044	0.044	0.045	0.046	0.046	0.050	0.045	0.047	0.047	0.050	0.045	600 Read#6
F	0.043	0.043	0.045	0.045	0.044	0.046	0.047	0.045	0.046	0.047	0.047	0.046	600 Read#6
G	0.060	0.061	0.061	0.062	0.062	0.063	0.062	0.063	0.065	0.067	0.063	0.062	600 Read#6
H	0.054	0.054	0.055	0.055	0.055	0.055	0.055	0.055	0.056	0.056	0.055	0.055	600 Read#6

600
Kinetic read 7 (2:19:29)
	1	2	3	4	5	6	7	8	9	10	11	12
A	0.053	0.054	0.054	0.054	0.055	0.054	0.055	0.055	0.057	0.055	0.055	0.056	600 Read#7
B	0.061	0.062	0.063	0.060	0.063	0.064	0.064	0.065	0.064	0.066	0.065	0.064	600 Read#7
C	0.044	0.043	0.045	0.045	0.045	0.046	0.049	0.045	0.053	0.060	0.046	0.050	600 Read#7
D	0.043	0.044	0.044	0.050	0.046	0.046	0.047	0.047	0.047	0.047	0.046	0.047	600 Read#7
E	0.043	0.044	0.045	0.045	0.046	0.046	0.050	0.044	0.048	0.047	0.051	0.045	600 Read#7
F	0.043	0.044	0.045	0.045	0.044	0.046	0.047	0.044	0.046	0.047	0.047	0.046	600 Read#7
G	0.061	0.062	0.061	0.062	0.063	0.064	0.063	0.063	0.066	0.067	0.064	0.063	600 Read#7
H	0.054	0.054	0.055	0.055	0.055	0.055	0.055	0.055	0.056	0.056	0.055	0.056	600 Read#7

600
Kinetic read 8 (2:39:29)
	1	2	3	4	5	6	7	8	9	10	11	12
A	0.053	0.054	0.054	0.054	0.055	0.054	0.055	0.055	0.058	0.055	0.055	0.056	600 Read#8
B	0.062	0.063	0.064	0.061	0.064	0.065	0.066	0.066	0.065	0.067	0.066	0.065	600 Read#8
C	0.044	0.043	0.045	0.045	0.045	0.046	0.049	0.045	0.053	0.060	0.046	0.050	600 Read#8
D	0.043	0.044	0.044	0.050	0.046	0.046	0.047	0.047	0.047	0.047	0.047	0.047	600 Read#8
E	0.043	0.045	0.045	0.045	0.046	0.046	0.050	0.044	0.048	0.047	0.051	0.046	600 Read#8
F	0.043	0.044	0.045	0.045	0.044	0.046	0.047	0.045	0.046	0.047	0.047	0.046	600 Read#8
G	0.062	0.063	0.062	0.064	0.064	0.065	0.064	0.064	0.067	0.069	0.065	0.064	600 Read#8
H	0.054	0.054	0.055	0.055	0.055	0.055	0.055	0.055	0.056	0.056	0.055	0.055	600 Read#8

600
Kinetic read 9 (2:59:29)
	1	2	3	4	5	6	7	8	9	10	11	12
A	0.054	0.054	0.054	0.054	0.055	0.054	0.055	0.055	0.058	0.055	0.056	0.056	600 Read#9
B	0.064	0.065	0.065	0.062	0.066	0.066	0.067	0.068	0.067	0.068	0.067	0.066	600 Read#9
C	0.044	0.043	0.045	0.045	0.045	0.046	0.049	0.045	0.053	0.060	0.046	0.050	600 Read#9
D	0.043	0.044	0.045	0.050	0.046	0.046	0.047	0.048	0.047	0.047	0.047	0.047	600 Read#9
E	0.043	0.044	0.045	0.045	0.046	0.046	0.050	0.045	0.048	0.047	0.051	0.046	600 Read#9
F	0.043	0.044	0.045	0.045	0.044	0.046	0.047	0.045	0.046	0.047	0.047	0.046	600 Read#9
G	0.064	0.064	0.064	0.065	0.065	0.066	0.065	0.065	0.068	0.070	0.066	0.066	600 Read#9
H	0.054	0.054	0.055	0.055	0.055	0.056	0.055	0.055	0.056	0.056	0.055	0.055	600 Read#9

600
Kinetic read 10 (3:19:29)
	1	2	3	4	5	6	7	8	9	10	11	12
A	0.054	0.053	0.054	0.054	0.055	0.054	0.055	0.055	0.058	0.055	0.055	0.056	600 Read#10
B	0.065	0.066	0.067	0.063	0.067	0.068	0.069	0.070	0.069	0.070	0.068	0.068	600 Read#10
C	0.044	0.044	0.045	0.045	0.045	0.046	0.049	0.045	0.053	0.060	0.046	0.050	600 Read#10
D	0.043	0.044	0.045	0.050	0.046	0.046	0.047	0.048	0.047	0.047	0.047	0.047	600 Read#10
E	0.043	0.045	0.045	0.045	0.046	0.046	0.050	0.045	0.047	0.047	0.051	0.046	600 Read#10
F	0.043	0.044	0.045	0.045	0.044	0.046	0.047	0.045	0.046	0.047	0.047	0.046	600 Read#10
G	0.065	0.066	0.065	0.066	0.066	0.068	0.067	0.066	0.070	0.072	0.068	0.068	600 Read#10
H	0.054	0.054	0.055	0.055	0.055	0.056	0.055	0.055	0.056	0.056	0.055	0.056	600 Read#10

600
Kinetic read 11 (3:39:29)
	1	2	3	4	5	6	7	8	9	10	11	12
A	0.053	0.054	0.054	0.054	0.055	0.054	0.055	0.055	0.057	0.055	0.055	0.056	600 Read#11
B	0.067	0.068	0.069	0.064	0.069	0.070	0.071	0.072	0.070	0.072	0.070	0.070	600 Read#11
C	0.044	0.043	0.045	0.045	0.045	0.046	0.049	0.045	0.053	0.060	0.046	0.050	600 Read#11
D	0.043	0.044	0.044	0.050	0.046	0.046	0.047	0.047	0.047	0.047	0.046	0.047	600 Read#11
E	0.043	0.044	0.045	0.045	0.046	0.046	0.050	0.045	0.048	0.047	0.051	0.046	600 Read#11
F	0.043	0.044	0.045	0.045	0.044	0.046	0.047	0.045	0.046	0.047	0.047	0.046	600 Read#11
G	0.067	0.067	0.067	0.068	0.068	0.070	0.069	0.068	0.072	0.074	0.070	0.069	600 Read#11
H	0.054	0.054	0.055	0.055	0.055	0.056	0.055	0.055	0.056	0.056	0.055	0.055	600 Read#11

600
Kinetic read 12 (3:59:29)
	1	2	3	4	5	6	7	8	9	10	11	12
A	0.053	0.053	0.054	0.054	0.055	0.054	0.054	0.055	0.057	0.055	0.055	0.056	600 Read#12
B	0.069	0.070	0.071	0.065	0.071	0.072	0.073	0.074	0.073	0.075	0.072	0.072	600 Read#12
C	0.044	0.043	0.044	0.045	0.045	0.046	0.049	0.045	0.053	0.060	0.046	0.050	600 Read#12
D	0.043	0.044	0.044	0.050	0.046	0.046	0.047	0.047	0.047	0.047	0.046	0.047	600 Read#12
E	0.043	0.044	0.045	0.045	0.046	0.046	0.050	0.045	0.048	0.047	0.051	0.045	600 Read#12
F	0.043	0.044	0.044	0.045	0.044	0.046	0.047	0.045	0.046	0.047	0.047	0.046	600 Read#12
G	0.070	0.069	0.069	0.070	0.070	0.072	0.071	0.069	0.074	0.076	0.072	0.072	600 Read#12
H	0.054	0.054	0.055	0.055	0.055	0.055	0.055	0.055	0.056	0.056	0.055	0.055	600 Read#12

600
Kinetic read 13 (4:19:29)
	1	2	3	4	5	6	7	8	9	10	11	12
A	0.053	0.053	0.054	0.054	0.055	0.054	0.055	0.055	0.057	0.055	0.055	0.056	600 Read#13
B	0.072	0.073	0.074	0.067	0.074	0.075	0.076	0.077	0.076	0.077	0.075	0.075	600 Read#13
C	0.044	0.043	0.045	0.045	0.045	0.046	0.049	0.045	0.053	0.060	0.046	0.050	600 Read#13
D	0.043	0.044	0.045	0.050	0.046	0.046	0.047	0.047	0.047	0.047	0.046	0.047	600 Read#13
E	0.043	0.045	0.045	0.045	0.046	0.046	0.050	0.045	0.048	0.047	0.051	0.046	600 Read#13
F	0.043	0.044	0.045	0.045	0.044	0.046	0.047	0.045	0.046	0.047	0.047	0.046	600 Read#13
G	0.072	0.072	0.071	0.073	0.073	0.074	0.073	0.071	0.077	0.079	0.075	0.075	600 Read#13
H	0.054	0.054	0.055	0.055	0.055	0.055	0.055	0.055	0.056	0.056	0.055	0.055	600 Read#13

600
Kinetic read 14 (4:39:29)
	1	2	3	4	5	6	7	8	9	10	11	12
A	0.053	0.054	0.053	0.054	0.055	0.054	0.054	0.055	0.057	0.055	0.055	0.056	600 Read#14
B	0.076	0.076	0.077	0.068	0.077	0.079	0.080	0.081	0.079	0.081	0.078	0.079	600 Read#14
C	0.044	0.043	0.044	0.045	0.045	0.046	0.049	0.045	0.053	0.060	0.046	0.050	600 Read#14
D	0.043	0.044	0.044	0.050	0.046	0.046	0.047	0.047	0.047	0.047	0.046	0.047	600 Read#14
E	0.043	0.044	0.045	0.045	0.046	0.046	0.050	0.045	0.047	0.047	0.051	0.046	600 Read#14
F	0.043	0.043	0.044	0.045	0.044	0.046	0.047	0.044	0.046	0.047	0.047	0.046	600 Read#14
G	0.075	0.075	0.074	0.076	0.076	0.077	0.077	0.073	0.081	0.082	0.078	0.078	600 Read#14
H	0.054	0.054	0.055	0.055	0.055	0.055	0.055	0.055	0.056	0.056	0.055	0.056	600 Read#14

600
Kinetic read 15 (4:59:29)
	1	2	3	4	5	6	7	8	9	10	11	12
A	0.053	0.054	0.054	0.054	0.055	0.054	0.055	0.055	0.057	0.055	0.055	0.056	600 Read#15
B	0.080	0.081	0.081	0.071	0.081	0.083	0.084	0.085	0.084	0.086	0.082	0.084	600 Read#15
C	0.044	0.043	0.045	0.045	0.045	0.046	0.049	0.045	0.053	0.060	0.046	0.050	600 Read#15
D	0.043	0.044	0.045	0.050	0.046	0.046	0.047	0.048	0.047	0.047	0.047	0.047	600 Read#15
E	0.043	0.045	0.045	0.045	0.046	0.046	0.050	0.045	0.048	0.047	0.051	0.046	600 Read#15
F	0.043	0.044	0.045	0.045	0.044	0.046	0.047	0.045	0.046	0.047	0.047	0.046	600 Read#15
G	0.080	0.079	0.078	0.079	0.080	0.082	0.081	0.075	0.085	0.087	0.083	0.082	600 Read#15
H	0.054	0.055	0.055	0.055	0.055	0.056	0.055	0.055	0.056	0.056	0.055	0.057	600 Read#15

600
Kinetic read 16 (5:19:29)
	1	2	3	4	5	6	7	8	9	10	11	12
A	0.053	0.053	0.054	0.054	0.055	0.054	0.054	0.055	0.058	0.055	0.055	0.056	600 Read#16
B	0.085	0.085	0.086	0.074	0.086	0.088	0.089	0.091	0.089	0.091	0.087	0.089	600 Read#16
C	0.044	0.043	0.045	0.045	0.045	0.046	0.049	0.045	0.053	0.060	0.046	0.050	600 Read#16
D	0.043	0.044	0.045	0.050	0.046	0.046	0.047	0.047	0.047	0.047	0.047	0.047	600 Read#16
E	0.043	0.045	0.045	0.045	0.046	0.046	0.050	0.045	0.048	0.047	0.051	0.046	600 Read#16
F	0.043	0.044	0.045	0.045	0.044	0.046	0.047	0.045	0.046	0.047	0.047	0.046	600 Read#16
G	0.084	0.084	0.082	0.084	0.084	0.086	0.085	0.078	0.090	0.091	0.087	0.087	600 Read#16
H	0.054	0.054	0.055	0.055	0.055	0.055	0.055	0.055	0.056	0.056	0.055	0.055	600 Read#16

600
Kinetic read 17 (5:39:29)
	1	2	3	4	5	6	7	8	9	10	11	12
A	0.053	0.053	0.053	0.054	0.055	0.054	0.055	0.055	0.057	0.055	0.055	0.056	600 Read#17
B	0.091	0.091	0.092	0.077	0.091	0.094	0.095	0.097	0.095	0.097	0.092	0.096	600 Read#17
C	0.044	0.043	0.045	0.045	0.045	0.046	0.049	0.045	0.053	0.060	0.046	0.050	600 Read#17
D	0.043	0.044	0.045	0.050	0.046	0.046	0.047	0.047	0.047	0.047	0.047	0.047	600 Read#17
E	0.043	0.044	0.045	0.045	0.046	0.046	0.050	0.045	0.048	0.047	0.051	0.046	600 Read#17
F	0.043	0.044	0.045	0.045	0.044	0.046	0.047	0.045	0.046	0.047	0.047	0.046	600 Read#17
G	0.091	0.089	0.087	0.089	0.090	0.092	0.091	0.082	0.097	0.097	0.093	0.093	600 Read#17
H	0.054	0.054	0.055	0.055	0.055	0.055	0.055	0.055	0.056	0.056	0.055	0.055	600 Read#17

600
Kinetic read 18 (5:59:29)
	1	2	3	4	5	6	7	8	9	10	11	12
A	0.053	0.053	0.054	0.054	0.055	0.054	0.054	0.055	0.057	0.055	0.055	0.056	600 Read#18
B	0.098	0.098	0.099	0.081	0.098	0.102	0.103	0.105	0.102	0.105	0.099	0.104	600 Read#18
C	0.044	0.043	0.045	0.045	0.045	0.046	0.049	0.045	0.053	0.060	0.046	0.050	600 Read#18
D	0.043	0.044	0.044	0.050	0.046	0.046	0.047	0.047	0.047	0.047	0.047	0.047	600 Read#18
E	0.043	0.045	0.045	0.045	0.046	0.046	0.050	0.045	0.048	0.047	0.051	0.046	600 Read#18
F	0.043	0.044	0.045	0.045	0.044	0.046	0.047	0.045	0.046	0.047	0.047	0.046	600 Read#18
G	0.098	0.096	0.094	0.096	0.097	0.099	0.098	0.085	0.105	0.105	0.100	0.100	600 Read#18
H	0.054	0.054	0.055	0.055	0.055	0.055	0.055	0.055	0.056	0.056	0.055	0.055	600 Read#18

600
Kinetic read 19 (6:19:29)
	1	2	3	4	5	6	7	8	9	10	11	12
A	0.053	0.053	0.053	0.054	0.055	0.054	0.054	0.055	0.057	0.055	0.055	0.056	600 Read#19
B	0.106	0.106	0.108	0.086	0.106	0.111	0.112	0.114	0.111	0.114	0.107	0.113	600 Read#19
C	0.043	0.043	0.044	0.045	0.045	0.046	0.049	0.045	0.053	0.059	0.046	0.050	600 Read#19
D	0.043	0.044	0.044	0.050	0.046	0.046	0.047	0.047	0.047	0.047	0.046	0.047	600 Read#19
E	0.042	0.044	0.044	0.045	0.046	0.046	0.049	0.044	0.047	0.047	0.050	0.045	600 Read#19
F	0.043	0.043	0.044	0.045	0.044	0.046	0.047	0.044	0.046	0.047	0.047	0.046	600 Read#19
G	0.107	0.104	0.101	0.104	0.104	0.107	0.106	0.089	0.114	0.113	0.109	0.109	600 Read#19
H	0.054	0.054	0.054	0.055	0.055	0.055	0.055	0.055	0.056	0.056	0.055	0.057	600 Read#19

600
Kinetic read 20 (6:39:29)
	1	2	3	4	5	6	7	8	9	10	11	12
A	0.053	0.053	0.053	0.054	0.055	0.054	0.054	0.055	0.057	0.055	0.055	0.056	600 Read#20
B	0.116	0.116	0.117	0.091	0.116	0.121	0.122	0.125	0.122	0.125	0.117	0.124	600 Read#20
C	0.044	0.043	0.045	0.045	0.045	0.046	0.049	0.045	0.053	0.060	0.046	0.050	600 Read#20
D	0.043	0.044	0.044	0.050	0.046	0.046	0.047	0.048	0.047	0.047	0.047	0.047	600 Read#20
E	0.043	0.045	0.045	0.045	0.046	0.046	0.050	0.045	0.048	0.047	0.051	0.046	600 Read#20
F	0.043	0.044	0.045	0.045	0.044	0.046	0.047	0.045	0.046	0.047	0.047	0.046	600 Read#20
G	0.117	0.113	0.111	0.114	0.114	0.117	0.116	0.095	0.124	0.124	0.119	0.119	600 Read#20
H	0.054	0.054	0.055	0.055	0.055	0.055	0.055	0.055	0.056	0.056	0.055	0.055	600 Read#20

600
Kinetic read 21 (6:59:29)
	1	2	3	4	5	6	7	8	9	10	11	12
A	0.053	0.053	0.053	0.054	0.055	0.054	0.054	0.055	0.057	0.054	0.055	0.056	600 Read#21
B	0.128	0.126	0.129	0.098	0.127	0.134	0.135	0.138	0.134	0.138	0.128	0.137	600 Read#21
C	0.044	0.043	0.045	0.045	0.045	0.046	0.049	0.045	0.053	0.060	0.046	0.050	600 Read#21
D	0.043	0.044	0.045	0.050	0.046	0.046	0.047	0.048	0.047	0.047	0.047	0.047	600 Read#21
E	0.043	0.044	0.045	0.045	0.046	0.046	0.050	0.045	0.048	0.047	0.051	0.046	600 Read#21
F	0.043	0.044	0.045	0.045	0.044	0.046	0.047	0.044	0.046	0.047	0.047	0.046	600 Read#21
G	0.129	0.124	0.121	0.125	0.125	0.129	0.128	0.100	0.137	0.136	0.131	0.131	600 Read#21
H	0.054	0.054	0.054	0.055	0.055	0.055	0.055	0.055	0.056	0.056	0.055	0.056	600 Read#21

600
Kinetic read 22 (7:19:29)
	1	2	3	4	5	6	7	8	9	10	11	12
A	0.053	0.053	0.053	0.054	0.055	0.054	0.054	0.055	0.057	0.055	0.055	0.056	600 Read#22
B	0.142	0.140	0.143	0.105	0.140	0.148	0.150	0.153	0.148	0.153	0.142	0.153	600 Read#22
C	0.044	0.043	0.045	0.045	0.045	0.046	0.049	0.045	0.053	0.060	0.046	0.050	600 Read#22
D	0.043	0.044	0.045	0.050	0.046	0.046	0.047	0.048	0.047	0.047	0.046	0.047	600 Read#22
E	0.043	0.045	0.045	0.045	0.046	0.046	0.050	0.045	0.048	0.047	0.051	0.046	600 Read#22
F	0.043	0.044	0.045	0.045	0.044	0.046	0.047	0.045	0.046	0.047	0.047	0.046	600 Read#22
G	0.144	0.138	0.134	0.139	0.139	0.143	0.142	0.107	0.152	0.150	0.146	0.145	600 Read#22
H	0.054	0.054	0.055	0.055	0.055	0.055	0.055	0.055	0.056	0.056	0.055	0.055	600 Read#22

600
Kinetic read 23 (7:39:29)
	1	2	3	4	5	6	7	8	9	10	11	12
A	0.053	0.053	0.053	0.054	0.055	0.054	0.054	0.055	0.057	0.055	0.055	0.056	600 Read#23
B	0.160	0.155	0.160	0.112	0.156	0.166	0.168	0.171	0.166	0.170	0.158	0.172	600 Read#23
C	0.044	0.043	0.045	0.045	0.045	0.046	0.049	0.045	0.053	0.060	0.046	0.050	600 Read#23
D	0.043	0.044	0.045	0.050	0.046	0.046	0.047	0.047	0.047	0.047	0.046	0.047	600 Read#23
E	0.043	0.044	0.045	0.045	0.046	0.046	0.050	0.045	0.048	0.047	0.051	0.046	600 Read#23
F	0.043	0.044	0.045	0.045	0.044	0.046	0.047	0.045	0.046	0.047	0.047	0.046	600 Read#23
G	0.161	0.154	0.150	0.155	0.156	0.160	0.158	0.114	0.172	0.167	0.163	0.162	600 Read#23
H	0.054	0.054	0.055	0.055	0.055	0.055	0.055	0.055	0.056	0.056	0.055	0.055	600 Read#23

600
Kinetic read 24 (7:59:29)
	1	2	3	4	5	6	7	8	9	10	11	12
A	0.053	0.053	0.053	0.054	0.055	0.054	0.054	0.055	0.057	0.055	0.055	0.056	600 Read#24
B	0.178	0.174	0.180	0.122	0.175	0.187	0.188	0.191	0.186	0.191	0.177	0.193	600 Read#24
C	0.044	0.043	0.045	0.045	0.045	0.046	0.049	0.045	0.053	0.060	0.046	0.050	600 Read#24
D	0.043	0.044	0.045	0.050	0.046	0.046	0.047	0.047	0.047	0.047	0.046	0.047	600 Read#24
E	0.043	0.044	0.045	0.045	0.046	0.046	0.050	0.045	0.048	0.047	0.051	0.046	600 Read#24
F	0.043	0.044	0.045	0.045	0.044	0.046	0.047	0.045	0.046	0.047	0.047	0.046	600 Read#24
G	0.182	0.172	0.168	0.174	0.174	0.179	0.177	0.123	0.193	0.188	0.183	0.181	600 Read#24
H	0.054	0.054	0.054	0.055	0.055	0.055	0.055	0.055	0.056	0.056	0.055	0.055	600 Read#24

600
Kinetic read 25 (8:19:29)
	1	2	3	4	5	6	7	8	9	10	11	12
A	0.054	0.053	0.053	0.054	0.055	0.054	0.054	0.054	0.057	0.055	0.055	0.056	600 Read#25
B	0.199	0.195	0.201	0.132	0.196	0.209	0.211	0.215	0.209	0.215	0.198	0.218	600 Read#25
C	0.044	0.043	0.044	0.045	0.045	0.046	0.049	0.045	0.053	0.060	0.046	0.050	600 Read#25
D	0.043	0.044	0.044	0.050	0.046	0.046	0.047	0.047	0.047	0.047	0.047	0.047	600 Read#25
E	0.043	0.045	0.045	0.045	0.046	0.046	0.050	0.045	0.048	0.047	0.050	0.046	600 Read#25
F	0.043	0.044	0.045	0.045	0.044	0.046	0.047	0.045	0.046	0.047	0.047	0.046	600 Read#25
G	0.204	0.193	0.188	0.196	0.196	0.202	0.199	0.131	0.216	0.211	0.205	0.203	600 Read#25
H	0.054	0.054	0.055	0.055	0.055	0.055	0.055	0.055	0.056	0.056	0.055	0.055	600 Read#25

600
Kinetic read 26 (8:39:29)
	1	2	3	4	5	6	7	8	9	10	11	12
A	0.053	0.053	0.053	0.054	0.055	0.054	0.054	0.055	0.057	0.055	0.055	0.056	600 Read#26
B	0.226	0.220	0.227	0.143	0.221	0.237	0.238	0.242	0.235	0.242	0.223	0.246	600 Read#26
C	0.044	0.044	0.045	0.045	0.045	0.046	0.049	0.045	0.053	0.060	0.046	0.050	600 Read#26
D	0.043	0.044	0.045	0.050	0.046	0.046	0.047	0.048	0.047	0.047	0.047	0.047	600 Read#26
E	0.043	0.044	0.045	0.045	0.046	0.046	0.050	0.045	0.048	0.047	0.051	0.046	600 Read#26
F	0.043	0.044	0.045	0.045	0.044	0.046	0.047	0.045	0.046	0.047	0.047	0.046	600 Read#26
G	0.231	0.219	0.212	0.221	0.222	0.229	0.225	0.142	0.243	0.238	0.231	0.229	600 Read#26
H	0.054	0.054	0.055	0.055	0.055	0.055	0.055	0.055	0.056	0.056	0.055	0.055	600 Read#26

600
Kinetic read 27 (8:59:29)
	1	2	3	4	5	6	7	8	9	10	11	12
A	0.053	0.053	0.053	0.054	0.055	0.054	0.054	0.054	0.057	0.054	0.055	0.056	600 Read#27
B	0.254	0.248	0.256	0.157	0.249	0.267	0.268	0.273	0.266	0.272	0.252	0.278	600 Read#27
C	0.044	0.043	0.044	0.045	0.045	0.046	0.049	0.045	0.053	0.060	0.046	0.050	600 Read#27
D	0.043	0.044	0.045	0.050	0.046	0.046	0.047	0.047	0.047	0.047	0.047	0.047	600 Read#27
E	0.043	0.044	0.045	0.045	0.046	0.046	0.050	0.045	0.047	0.047	0.051	0.046	600 Read#27
F	0.043	0.044	0.045	0.045	0.044	0.046	0.047	0.045	0.046	0.047	0.047	0.046	600 Read#27
G	0.261	0.248	0.240	0.250	0.251	0.258	0.254	0.154	0.274	0.266	0.261	0.258	600 Read#27
H	0.054	0.054	0.054	0.055	0.055	0.055	0.055	0.055	0.056	0.056	0.055	0.055	600 Read#27

600
Kinetic read 28 (9:19:29)
	1	2	3	4	5	6	7	8	9	10	11	12
A	0.053	0.053	0.053	0.054	0.054	0.054	0.054	0.054	0.057	0.055	0.055	0.056	600 Read#28
B	0.289	0.281	0.288	0.173	0.282	0.300	0.301	0.307	0.300	0.307	0.283	0.313	600 Read#28
C	0.044	0.043	0.045	0.045	0.045	0.046	0.049	0.045	0.053	0.060	0.046	0.050	600 Read#28
D	0.043	0.044	0.045	0.050	0.046	0.046	0.047	0.047	0.047	0.047	0.047	0.047	600 Read#28
E	0.043	0.045	0.045	0.045	0.046	0.046	0.050	0.045	0.048	0.047	0.051	0.046	600 Read#28
F	0.043	0.044	0.045	0.045	0.044	0.046	0.047	0.045	0.046	0.047	0.047	0.046	600 Read#28
G	0.295	0.280	0.272	0.282	0.283	0.292	0.287	0.167	0.310	0.300	0.294	0.290	600 Read#28
H	0.054	0.054	0.055	0.055	0.055	0.055	0.055	0.055	0.056	0.056	0.055	0.055	600 Read#28

600
Kinetic read 29 (9:39:29)
	1	2	3	4	5	6	7	8	9	10	11	12
A	0.053	0.053	0.053	0.054	0.055	0.054	0.054	0.054	0.057	0.055	0.055	0.056	600 Read#29
B	0.323	0.316	0.323	0.190	0.316	0.337	0.338	0.344	0.336	0.344	0.319	0.351	600 Read#29
C	0.044	0.043	0.045	0.045	0.045	0.046	0.049	0.045	0.053	0.060	0.046	0.050	600 Read#29
D	0.043	0.044	0.045	0.050	0.046	0.046	0.047	0.048	0.047	0.047	0.046	0.047	600 Read#29
E	0.043	0.044	0.045	0.045	0.046	0.046	0.050	0.045	0.048	0.047	0.051	0.046	600 Read#29
F	0.043	0.044	0.045	0.045	0.044	0.046	0.047	0.045	0.046	0.047	0.047	0.046	600 Read#29
G	0.331	0.316	0.306	0.319	0.320	0.329	0.323	0.182	0.347	0.339	0.330	0.326	600 Read#29
H	0.054	0.054	0.055	0.055	0.055	0.055	0.055	0.055	0.056	0.056	0.055	0.055	600 Read#29

600
Kinetic read 30 (9:59:29)
	1	2	3	4	5	6	7	8	9	10	11	12
A	0.053	0.053	0.053	0.053	0.054	0.054	0.054	0.054	0.057	0.054	0.055	0.056	600 Read#30
B	0.356	0.355	0.362	0.210	0.354	0.379	0.380	0.386	0.378	0.387	0.358	0.395	600 Read#30
C	0.044	0.043	0.045	0.045	0.045	0.046	0.049	0.045	0.053	0.060	0.046	0.050	600 Read#30
D	0.043	0.044	0.045	0.050	0.046	0.046	0.047	0.048	0.048	0.047	0.047	0.047	600 Read#30
E	0.043	0.044	0.045	0.045	0.046	0.046	0.050	0.045	0.048	0.047	0.051	0.046	600 Read#30
F	0.043	0.044	0.045	0.045	0.044	0.046	0.047	0.045	0.046	0.047	0.047	0.046	600 Read#30
G	0.372	0.356	0.345	0.360	0.361	0.370	0.364	0.198	0.391	0.381	0.372	0.367	600 Read#30
H	0.054	0.054	0.055	0.055	0.055	0.055	0.055	0.055	0.056	0.056	0.055	0.055	600 Read#30

600
Kinetic read 31 (10:19:29)
	1	2	3	4	5	6	7	8	9	10	11	12
A	0.053	0.053	0.053	0.054	0.055	0.054	0.054	0.055	0.057	0.054	0.055	0.056	600 Read#31
B	0.396	0.399	0.406	0.234	0.397	0.425	0.425	0.433	0.425	0.433	0.402	0.442	600 Read#31
C	0.044	0.043	0.045	0.045	0.045	0.046	0.049	0.045	0.053	0.060	0.046	0.050	600 Read#31
D	0.043	0.044	0.045	0.050	0.046	0.046	0.047	0.048	0.047	0.047	0.047	0.047	600 Read#31
E	0.043	0.045	0.045	0.045	0.046	0.046	0.050	0.045	0.048	0.047	0.051	0.046	600 Read#31
F	0.043	0.044	0.045	0.045	0.044	0.046	0.047	0.045	0.046	0.047	0.047	0.046	600 Read#31
G	0.414	0.402	0.389	0.406	0.407	0.418	0.410	0.217	0.440	0.427	0.419	0.412	600 Read#31
H	0.054	0.054	0.055	0.055	0.055	0.055	0.055	0.055	0.056	0.056	0.055	0.055	600 Read#31

600
Kinetic read 32 (10:39:29)
	1	2	3	4	5	6	7	8	9	10	11	12
A	0.053	0.053	0.053	0.053	0.054	0.054	0.054	0.054	0.057	0.054	0.055	0.056	600 Read#32
B	0.414	0.444	0.453	0.261	0.444	0.474	0.475	0.484	0.473	0.482	0.449	0.494	600 Read#32
C	0.044	0.043	0.045	0.045	0.045	0.046	0.049	0.045	0.053	0.060	0.046	0.050	600 Read#32
D	0.043	0.044	0.045	0.050	0.046	0.046	0.047	0.047	0.047	0.047	0.047	0.047	600 Read#32
E	0.043	0.044	0.045	0.045	0.046	0.046	0.050	0.045	0.048	0.047	0.051	0.046	600 Read#32
F	0.043	0.044	0.045	0.045	0.044	0.046	0.047	0.045	0.046	0.047	0.047	0.046	600 Read#32
G	0.450	0.450	0.436	0.454	0.456	0.467	0.460	0.234	0.491	0.477	0.468	0.459	600 Read#32
H	0.054	0.054	0.054	0.055	0.055	0.055	0.055	0.055	0.056	0.056	0.054	0.055	600 Read#32

600
Kinetic read 33 (10:59:29)
	1	2	3	4	5	6	7	8	9	10	11	12
A	0.053	0.053	0.053	0.053	0.054	0.054	0.054	0.054	0.057	0.054	0.055	0.056	600 Read#33
B	0.433	0.496	0.504	0.291	0.494	0.528	0.530	0.538	0.527	0.536	0.501	0.551	600 Read#33
C	0.044	0.043	0.045	0.046	0.045	0.046	0.049	0.045	0.053	0.060	0.046	0.050	600 Read#33
D	0.043	0.044	0.045	0.050	0.046	0.047	0.047	0.048	0.048	0.047	0.047	0.047	600 Read#33
E	0.043	0.045	0.045	0.045	0.046	0.046	0.050	0.045	0.048	0.047	0.051	0.046	600 Read#33
F	0.043	0.044	0.045	0.045	0.044	0.046	0.047	0.045	0.046	0.047	0.047	0.046	600 Read#33
G	0.484	0.497	0.488	0.512	0.515	0.528	0.519	0.253	0.550	0.537	0.524	0.505	600 Read#33
H	0.054	0.055	0.055	0.055	0.055	0.055	0.055	0.055	0.056	0.056	0.055	0.056	600 Read#33

600
Kinetic read 34 (11:19:29)
	1	2	3	4	5	6	7	8	9	10	11	12
A	0.053	0.053	0.053	0.053	0.054	0.054	0.054	0.054	0.057	0.054	0.055	0.055	600 Read#34
B	0.450	0.551	0.553	0.325	0.553	0.583	0.577	0.590	0.580	0.590	0.547	0.590	600 Read#34
C	0.044	0.043	0.045	0.045	0.045	0.046	0.049	0.045	0.053	0.060	0.046	0.050	600 Read#34
D	0.043	0.044	0.045	0.050	0.046	0.046	0.047	0.047	0.047	0.047	0.046	0.047	600 Read#34
E	0.043	0.044	0.045	0.045	0.046	0.046	0.050	0.044	0.048	0.047	0.050	0.046	600 Read#34
F	0.043	0.043	0.045	0.045	0.044	0.046	0.047	0.044	0.046	0.047	0.047	0.046	600 Read#34
G	0.487	0.536	0.523	0.547	0.551	0.564	0.554	0.274	0.585	0.577	0.559	0.543	600 Read#34
H	0.054	0.054	0.054	0.055	0.055	0.055	0.055	0.055	0.055	0.056	0.054	0.055	600 Read#34

600
Kinetic read 35 (11:39:29)
	1	2	3	4	5	6	7	8	9	10	11	12
A	0.053	0.053	0.053	0.053	0.054	0.053	0.054	0.054	0.057	0.054	0.055	0.056	600 Read#35
B	0.919	0.588	0.593	0.362	0.589	0.624	0.624	0.634	0.623	0.632	0.591	0.640	600 Read#35
C	0.044	0.043	0.045	0.045	0.045	0.046	0.049	0.045	0.053	0.060	0.046	0.050	600 Read#35
D	0.043	0.044	0.045	0.050	0.046	0.046	0.047	0.047	0.047	0.047	0.046	0.047	600 Read#35
E	0.043	0.044	0.045	0.045	0.046	0.046	0.050	0.045	0.048	0.047	0.051	0.046	600 Read#35
F	0.043	0.044	0.045	0.045	0.044	0.046	0.047	0.045	0.046	0.047	0.047	0.046	600 Read#35
G	0.487	0.585	0.572	0.598	0.601	0.616	0.606	0.302	0.635	0.628	0.608	0.592	600 Read#35
H	0.054	0.054	0.054	0.055	0.055	0.055	0.055	0.055	0.056	0.056	0.055	0.058	600 Read#35

600
Kinetic read 36 (11:59:29)
	1	2	3	4	5	6	7	8	9	10	11	12
A	0.053	0.053	0.053	0.053	0.054	0.053	0.054	0.054	0.056	0.054	0.055	0.055	600 Read#36
B	0.439	0.636	0.644	0.398	0.639	0.678	0.675	0.685	0.676	0.685	0.642	0.688	600 Read#36
C	0.044	0.043	0.044	0.045	0.045	0.046	0.049	0.045	0.053	0.060	0.046	0.050	600 Read#36
D	0.043	0.044	0.045	0.050	0.046	0.046	0.047	0.048	0.047	0.047	0.047	0.047	600 Read#36
E	0.043	0.044	0.045	0.045	0.046	0.046	0.050	0.045	0.048	0.047	0.051	0.046	600 Read#36
F	0.043	0.044	0.045	0.045	0.044	0.046	0.047	0.045	0.046	0.047	0.047	0.046	600 Read#36
G	0.475	0.637	0.626	0.651	0.654	0.669	0.658	0.328	0.690	0.682	0.662	0.641	600 Read#36
H	0.054	0.054	0.054	0.055	0.055	0.055	0.055	0.055	0.056	0.056	0.055	0.055	600 Read#36

600
Kinetic read 37 (12:19:29)
	1	2	3	4	5	6	7	8	9	10	11	12
A	0.053	0.053	0.053	0.053	0.054	0.053	0.054	0.054	0.057	0.054	0.055	0.055	600 Read#37
B	0.457	0.690	0.695	0.441	0.689	0.727	0.725	0.732	0.725	0.734	0.694	0.736	600 Read#37
C	0.044	0.043	0.045	0.045	0.045	0.046	0.049	0.045	0.053	0.060	0.046	0.050	600 Read#37
D	0.043	0.044	0.045	0.050	0.046	0.046	0.047	0.047	0.047	0.047	0.047	0.047	600 Read#37
E	0.043	0.045	0.045	0.045	0.046	0.046	0.050	0.045	0.048	0.047	0.051	0.046	600 Read#37
F	0.043	0.044	0.045	0.045	0.044	0.046	0.047	0.045	0.046	0.047	0.047	0.046	600 Read#37
G	0.446	0.694	0.684	0.702	0.709	0.722	0.717	0.354	0.749	0.734	0.719	0.695	600 Read#37
H	0.054	0.054	0.054	0.055	0.055	0.055	0.055	0.055	0.056	0.056	0.055	0.058	600 Read#37

600
Kinetic read 38 (12:39:29)
	1	2	3	4	5	6	7	8	9	10	11	12
A	0.053	0.053	0.053	0.053	0.054	0.053	0.054	0.054	0.057	0.054	0.055	0.055	600 Read#38
B	0.491	0.736	0.742	0.488	0.738	0.775	0.772	0.771	0.771	0.774	0.743	0.776	600 Read#38
C	0.044	0.043	0.045	0.045	0.045	0.046	0.049	0.045	0.053	0.060	0.046	0.050	600 Read#38
D	0.043	0.044	0.045	0.050	0.046	0.046	0.047	0.047	0.047	0.047	0.046	0.047	600 Read#38
E	0.043	0.044	0.045	0.045	0.046	0.046	0.050	0.045	0.048	0.047	0.051	0.045	600 Read#38
F	0.043	0.044	0.045	0.045	0.044	0.046	0.047	0.045	0.046	0.047	0.047	0.046	600 Read#38
G	0.451	0.755	0.741	0.755	0.770	0.773	0.776	0.387	0.806	0.780	0.769	0.738	600 Read#38
H	0.054	0.054	0.054	0.055	0.055	0.055	0.055	0.055	0.055	0.056	0.054	0.055	600 Read#38

600
Kinetic read 39 (12:59:29)
	1	2	3	4	5	6	7	8	9	10	11	12
A	0.053	0.052	0.053	0.053	0.054	0.053	0.054	0.054	0.056	0.054	0.054	0.055	600 Read#39
B	0.556	0.776	0.784	0.534	0.784	0.811	0.805	0.804	0.800	0.799	0.780	0.801	600 Read#39
C	0.044	0.043	0.044	0.045	0.045	0.046	0.049	0.045	0.053	0.059	0.046	0.050	600 Read#39
D	0.043	0.044	0.044	0.050	0.046	0.046	0.047	0.047	0.047	0.047	0.046	0.047	600 Read#39
E	0.043	0.044	0.045	0.045	0.046	0.046	0.050	0.044	0.048	0.047	0.050	0.046	600 Read#39
F	0.043	0.044	0.045	0.045	0.044	0.046	0.047	0.044	0.046	0.047	0.047	0.046	600 Read#39
G	0.498	0.816	0.798	0.805	0.819	0.811	0.825	0.421	0.843	0.830	0.827	0.769	600 Read#39
H	0.054	0.054	0.054	0.054	0.055	0.055	0.055	0.055	0.055	0.055	0.054	0.054	600 Read#39

600
Kinetic read 40 (13:19:29)
	1	2	3	4	5	6	7	8	9	10	11	12
A	0.053	0.053	0.053	0.053	0.054	0.053	0.054	0.054	0.057	0.054	0.055	0.055	600 Read#40
B	0.508	0.805	0.816	0.585	0.820	0.844	0.832	0.817	0.812	0.825	0.812	0.825	600 Read#40
C	0.044	0.043	0.044	0.045	0.045	0.046	0.049	0.045	0.053	0.060	0.046	0.050	600 Read#40
D	0.043	0.044	0.045	0.050	0.046	0.046	0.047	0.048	0.047	0.047	0.046	0.047	600 Read#40
E	0.043	0.044	0.045	0.045	0.046	0.046	0.050	0.045	0.048	0.047	0.050	0.046	600 Read#40
F	0.043	0.044	0.045	0.045	0.044	0.046	0.047	0.045	0.046	0.047	0.047	0.046	600 Read#40
G	0.681	0.863	0.849	0.847	0.868	0.851	0.891	0.459	0.898	0.886	0.832	0.769	600 Read#40
H	0.054	0.054	0.054	0.055	0.055	0.055	0.055	0.055	0.055	0.055	0.054	0.054	600 Read#40

600
Kinetic read 41 (13:39:29)
	1	2	3	4	5	6	7	8	9	10	11	12
A	0.053	0.053	0.053	0.054	0.054	0.053	0.054	0.054	0.057	0.054	0.055	0.055	600 Read#41
B	0.606	0.839	0.842	0.641	0.848	0.905	0.850	0.904	0.826	0.874	0.832	0.855	600 Read#41
C	0.044	0.043	0.045	0.045	0.045	0.046	0.049	0.045	0.053	0.060	0.046	0.050	600 Read#41
D	0.043	0.044	0.045	0.050	0.046	0.047	0.047	0.048	0.047	0.047	0.047	0.047	600 Read#41
E	0.043	0.045	0.045	0.045	0.046	0.046	0.050	0.045	0.048	0.047	0.051	0.046	600 Read#41
F	0.043	0.044	0.045	0.045	0.044	0.046	0.047	0.045	0.046	0.047	0.047	0.046	600 Read#41
G	0.483	0.890	0.863	0.872	0.904	0.873	0.904	0.499	0.933	0.883	0.800	0.906	600 Read#41
H	0.054	0.054	0.054	0.055	0.055	0.055	0.055	0.055	0.055	0.056	0.055	0.055	600 Read#41

600
Kinetic read 42 (13:59:29)
	1	2	3	4	5	6	7	8	9	10	11	12
A	0.053	0.053	0.053	0.053	0.054	0.053	0.054	0.054	0.056	0.054	0.054	0.055	600 Read#42
B	0.806	0.977	0.888	0.696	0.866	0.952	0.915	0.968	0.976	0.959	0.850	0.900	600 Read#42
C	0.044	0.044	0.045	0.045	0.045	0.046	0.049	0.045	0.053	0.060	0.046	0.050	600 Read#42
D	0.043	0.044	0.045	0.050	0.046	0.046	0.047	0.047	0.047	0.047	0.046	0.047	600 Read#42
E	0.043	0.045	0.045	0.045	0.046	0.046	0.050	0.045	0.048	0.047	0.051	0.046	600 Read#42
F	0.043	0.044	0.045	0.045	0.044	0.046	0.047	0.045	0.046	0.047	0.047	0.046	600 Read#42
G	0.565	0.898	0.993	0.929	1.022	1.024	0.930	0.540	0.956	0.882	0.780	0.750	600 Read#42
H	0.054	0.054	0.054	0.055	0.055	0.055	0.055	0.055	0.055	0.055	0.054	0.054	600 Read#42

600
Kinetic read 43 (14:19:29)
	1	2	3	4	5	6	7	8	9	10	11	12
A	0.053	0.052	0.052	0.053	0.054	0.053	0.053	0.054	0.056	0.054	0.054	0.055	600 Read#43
B	0.839	0.760	1.024	0.733	0.942	0.964	0.966	0.938	0.955	0.918	0.853	0.797	600 Read#43
C	0.044	0.043	0.044	0.045	0.045	0.046	0.049	0.045	0.053	0.059	0.046	0.050	600 Read#43
D	0.043	0.044	0.044	0.050	0.046	0.046	0.047	0.047	0.047	0.047	0.046	0.047	600 Read#43
E	0.043	0.044	0.045	0.045	0.046	0.046	0.050	0.044	0.048	0.047	0.050	0.046	600 Read#43
F	0.043	0.043	0.044	0.045	0.044	0.046	0.047	0.044	0.046	0.047	0.047	0.046	600 Read#43
G	0.531	0.894	0.910	0.889	0.954	0.983	0.948	0.584	0.995	0.848	0.822	0.749	600 Read#43
H	0.054	0.054	0.054	0.054	0.055	0.055	0.055	0.055	0.055	0.055	0.054	0.054	600 Read#43

600
Kinetic read 44 (14:39:29)
	1	2	3	4	5	6	7	8	9	10	11	12
A	0.053	0.052	0.052	0.053	0.054	0.053	0.053	0.054	0.056	0.054	0.054	0.055	600 Read#44
B	0.536	0.718	1.094	0.752	1.062	0.920	0.979	0.823	0.735	0.798	1.237	0.668	600 Read#44
C	0.044	0.043	0.044	0.045	0.045	0.046	0.049	0.045	0.053	0.060	0.046	0.050	600 Read#44
D	0.043	0.044	0.045	0.050	0.046	0.046	0.047	0.047	0.047	0.047	0.047	0.047	600 Read#44
E	0.043	0.044	0.045	0.045	0.046	0.046	0.050	0.045	0.047	0.047	0.051	0.046	600 Read#44
F	0.043	0.043	0.045	0.045	0.044	0.046	0.047	0.045	0.046	0.047	0.047	0.046	600 Read#44
G	0.634	0.870	0.839	1.096	0.938	0.910	0.965	0.625	0.956	0.826	0.775	0.744	600 Read#44
H	0.054	0.054	0.054	0.054	0.055	0.055	0.055	0.055	0.055	0.055	0.054	0.054	600 Read#44

600
Kinetic read 45 (14:59:29)
	1	2	3	4	5	6	7	8	9	10	11	12
A	0.053	0.052	0.052	0.053	0.054	0.053	0.053	0.053	0.056	0.054	0.054	0.055	600 Read#45
B	0.481	0.798	0.919	0.769	0.962	0.914	1.022	0.818	0.837	0.753	0.982	0.665	600 Read#45
C	0.044	0.043	0.044	0.046	0.045	0.046	0.049	0.045	0.053	0.060	0.046	0.050	600 Read#45
D	0.043	0.044	0.044	0.050	0.046	0.046	0.047	0.047	0.047	0.047	0.046	0.047	600 Read#45
E	0.043	0.044	0.045	0.045	0.046	0.046	0.050	0.044	0.048	0.047	0.051	0.046	600 Read#45
F	0.043	0.043	0.045	0.045	0.044	0.046	0.047	0.045	0.046	0.047	0.047	0.046	600 Read#45
G	0.596	0.870	0.828	0.931	1.108	1.042	0.960	0.658	0.950	0.825	0.819	0.726	600 Read#45
H	0.054	0.054	0.054	0.054	0.055	0.055	0.055	0.055	0.055	0.055	0.054	0.054	600 Read#45

600
Kinetic read 46 (15:19:29)
	1	2	3	4	5	6	7	8	9	10	11	12
A	0.053	0.053	0.052	0.053	0.054	0.053	0.053	0.054	0.056	0.054	0.054	0.055	600 Read#46
B	0.474	0.639	0.909	0.793	1.011	0.752	0.766	0.791	0.728	0.862	1.146	0.677	600 Read#46
C	0.044	0.043	0.045	0.045	0.045	0.046	0.049	0.045	0.053	0.060	0.046	0.050	600 Read#46
D	0.043	0.044	0.045	0.050	0.046	0.046	0.047	0.047	0.047	0.047	0.047	0.048	600 Read#46
E	0.043	0.045	0.045	0.045	0.046	0.046	0.050	0.045	0.048	0.047	0.051	0.046	600 Read#46
F	0.043	0.044	0.045	0.045	0.044	0.046	0.047	0.045	0.046	0.047	0.047	0.046	600 Read#46
G	0.629	0.830	0.816	0.771	0.997	1.118	0.925	0.704	0.923	0.831	0.758	0.735	600 Read#46
H	0.054	0.054	0.054	0.055	0.055	0.055	0.055	0.055	0.056	0.055	0.054	0.054	600 Read#46

600
Kinetic read 47 (15:39:29)
	1	2	3	4	5	6	7	8	9	10	11	12
A	0.052	0.052	0.052	0.053	0.054	0.053	0.053	0.054	0.056	0.053	0.054	0.055	600 Read#47
B	0.462	0.639	0.708	0.816	0.838	0.767	0.745	0.960	0.688	1.058	1.068	0.700	600 Read#47
C	0.044	0.043	0.044	0.046	0.045	0.046	0.049	0.045	0.053	0.060	0.046	0.050	600 Read#47
D	0.043	0.044	0.045	0.050	0.046	0.046	0.047	0.048	0.047	0.047	0.047	0.047	600 Read#47
E	0.043	0.045	0.045	0.045	0.046	0.046	0.050	0.045	0.048	0.047	0.051	0.046	600 Read#47
F	0.043	0.044	0.045	0.045	0.044	0.046	0.047	0.045	0.046	0.047	0.047	0.046	600 Read#47
G	1.083	0.881	0.810	0.739	0.894	0.983	1.027	0.751	1.004	0.844	0.761	0.744	600 Read#47
H	0.054	0.054	0.054	0.054	0.055	0.055	0.055	0.055	0.055	0.055	0.054	0.054	600 Read#47

600
Kinetic read 48 (15:59:29)
	1	2	3	4	5	6	7	8	9	10	11	12
A	0.052	0.052	0.052	0.053	0.053	0.053	0.053	0.053	0.056	0.053	0.054	0.055	600 Read#48
B	0.471	0.648	0.736	1.096	0.765	0.735	0.729	0.734	0.676	0.957	1.130	0.718	600 Read#48
C	0.044	0.044	0.045	0.045	0.045	0.046	0.049	0.045	0.053	0.060	0.046	0.050	600 Read#48
D	0.043	0.044	0.044	0.050	0.046	0.046	0.047	0.047	0.048	0.047	0.046	0.047	600 Read#48
E	0.043	0.045	0.045	0.045	0.046	0.046	0.050	0.045	0.048	0.047	0.051	0.046	600 Read#48
F	0.043	0.044	0.045	0.045	0.044	0.046	0.047	0.045	0.046	0.047	0.047	0.046	600 Read#48
G	1.006	0.835	0.805	0.753	0.899	1.226	0.886	0.788	1.024	0.870	0.771	0.751	600 Read#48
H	0.054	0.054	0.054	0.054	0.055	0.055	0.055	0.055	0.055	0.055	0.054	0.054	600 Read#48

600
Kinetic read 49 (16:19:29)
	1	2	3	4	5	6	7	8	9	10	11	12
A	0.052	0.052	0.052	0.052	0.053	0.053	0.053	0.053	0.056	0.053	0.054	0.054	600 Read#49
B	0.484	0.663	0.705	0.880	0.969	0.732	0.732	0.728	0.693	1.202	0.719	0.740	600 Read#49
C	0.044	0.043	0.044	0.045	0.045	0.046	0.049	0.045	0.053	0.060	0.046	0.050	600 Read#49
D	0.043	0.044	0.044	0.050	0.046	0.046	0.047	0.047	0.047	0.047	0.046	0.047	600 Read#49
E	0.043	0.044	0.045	0.045	0.046	0.046	0.050	0.045	0.047	0.047	0.051	0.045	600 Read#49
F	0.043	0.043	0.045	0.045	0.044	0.046	0.047	0.045	0.046	0.047	0.047	0.046	600 Read#49
G	0.865	0.840	0.808	0.791	1.079	1.234	1.175	0.825	1.000	0.891	0.790	0.759	600 Read#49
H	0.054	0.054	0.054	0.054	0.054	0.055	0.055	0.055	0.055	0.055	0.054	0.053	600 Read#49

