600
Kinetic read 1 (0:19:29)
	1	2	3	4	5	6	7	8	9	10	11	12
A	0.053	0.053	0.053	0.053	0.056	0.054	0.054	0.054	0.058	0.054	0.055	0.055	600 Read#1
B	0.060	0.059	0.063	0.059	0.060	0.059	0.061	0.060	0.059	0.063	0.062	0.061	600 Read#1
C	0.044	0.044	0.045	0.045	0.045	0.046	0.049	0.045	0.053	0.059	0.046	0.050	600 Read#1
D	0.043	0.044	0.045	0.046	0.046	0.046	0.047	0.047	0.046	0.047	0.046	0.047	600 Read#1
E	0.043	0.046	0.045	0.045	0.045	0.046	0.051	0.045	0.048	0.047	0.050	0.046	600 Read#1
F	0.044	0.043	0.045	0.045	0.044	0.046	0.047	0.045	0.046	0.047	0.047	0.046	600 Read#1
G	0.058	0.059	0.060	0.058	0.058	0.058	0.058	0.059	0.059	0.062	0.058	0.058	600 Read#1
H	0.053	0.055	0.055	0.055	0.054	0.055	0.054	0.054	0.055	0.055	0.054	0.055	600 Read#1

600
Kinetic read 2 (0:39:29)
	1	2	3	4	5	6	7	8	9	10	11	12
A	0.053	0.053	0.053	0.053	0.056	0.053	0.054	0.054	0.058	0.054	0.055	0.055	600 Read#2
B	0.060	0.060	0.064	0.061	0.061	0.060	0.063	0.062	0.060	0.064	0.063	0.063	600 Read#2
C	0.044	0.044	0.044	0.045	0.045	0.046	0.049	0.045	0.053	0.059	0.046	0.050	600 Read#2
D	0.043	0.044	0.044	0.046	0.046	0.046	0.047	0.047	0.046	0.047	0.046	0.047	600 Read#2
E	0.043	0.046	0.044	0.045	0.045	0.046	0.051	0.044	0.047	0.047	0.050	0.046	600 Read#2
F	0.044	0.043	0.045	0.045	0.044	0.046	0.047	0.044	0.046	0.047	0.047	0.046	600 Read#2
G	0.059	0.060	0.059	0.059	0.058	0.059	0.059	0.060	0.060	0.063	0.059	0.059	600 Read#2
H	0.053	0.055	0.055	0.055	0.055	0.055	0.054	0.054	0.055	0.055	0.054	0.054	600 Read#2

600
Kinetic read 3 (0:59:29)
	1	2	3	4	5	6	7	8	9	10	11	12
A	0.053	0.053	0.053	0.053	0.056	0.054	0.054	0.054	0.058	0.054	0.055	0.055	600 Read#3
B	0.061	0.061	0.065	0.063	0.063	0.061	0.064	0.063	0.061	0.065	0.064	0.064	600 Read#3
C	0.044	0.044	0.044	0.045	0.045	0.046	0.049	0.045	0.053	0.059	0.046	0.050	600 Read#3
D	0.043	0.044	0.044	0.046	0.046	0.046	0.047	0.047	0.046	0.047	0.046	0.047	600 Read#3
E	0.043	0.046	0.045	0.045	0.045	0.046	0.051	0.045	0.047	0.047	0.050	0.046	600 Read#3
F	0.044	0.043	0.045	0.045	0.044	0.046	0.047	0.044	0.046	0.047	0.047	0.046	600 Read#3
G	0.060	0.061	0.061	0.060	0.059	0.060	0.060	0.061	0.061	0.064	0.060	0.060	600 Read#3
H	0.053	0.054	0.055	0.055	0.054	0.055	0.054	0.054	0.055	0.055	0.054	0.055	600 Read#3

600
Kinetic read 4 (1:19:29)
	1	2	3	4	5	6	7	8	9	10	11	12
A	0.053	0.053	0.053	0.053	0.056	0.053	0.054	0.054	0.058	0.054	0.054	0.055	600 Read#4
B	0.063	0.063	0.067	0.064	0.064	0.061	0.066	0.065	0.062	0.066	0.066	0.065	600 Read#4
C	0.044	0.044	0.044	0.045	0.045	0.046	0.049	0.045	0.053	0.059	0.046	0.050	600 Read#4
D	0.043	0.044	0.044	0.046	0.046	0.046	0.047	0.047	0.046	0.047	0.046	0.047	600 Read#4
E	0.043	0.046	0.044	0.045	0.045	0.046	0.051	0.044	0.047	0.047	0.050	0.046	600 Read#4
F	0.044	0.043	0.044	0.045	0.044	0.046	0.047	0.044	0.045	0.047	0.047	0.046	600 Read#4
G	0.061	0.062	0.060	0.062	0.061	0.061	0.061	0.062	0.062	0.065	0.061	0.061	600 Read#4
H	0.053	0.054	0.055	0.055	0.055	0.055	0.054	0.054	0.055	0.055	0.054	0.055	600 Read#4

600
Kinetic read 5 (1:39:29)
	1	2	3	4	5	6	7	8	9	10	11	12
A	0.053	0.052	0.053	0.053	0.056	0.054	0.054	0.054	0.058	0.054	0.055	0.055	600 Read#5
B	0.065	0.065	0.069	0.067	0.067	0.063	0.069	0.067	0.063	0.067	0.068	0.067	600 Read#5
C	0.044	0.044	0.045	0.045	0.045	0.046	0.049	0.045	0.053	0.059	0.046	0.050	600 Read#5
D	0.043	0.044	0.044	0.046	0.046	0.046	0.047	0.047	0.046	0.047	0.046	0.047	600 Read#5
E	0.043	0.046	0.045	0.045	0.045	0.046	0.051	0.044	0.047	0.047	0.050	0.046	600 Read#5
F	0.044	0.043	0.044	0.045	0.044	0.046	0.047	0.044	0.046	0.047	0.047	0.046	600 Read#5
G	0.063	0.064	0.061	0.064	0.062	0.062	0.063	0.064	0.064	0.066	0.063	0.062	600 Read#5
H	0.053	0.055	0.055	0.055	0.055	0.055	0.054	0.054	0.055	0.055	0.054	0.054	600 Read#5

600
Kinetic read 6 (1:59:29)
	1	2	3	4	5	6	7	8	9	10	11	12
A	0.053	0.052	0.053	0.053	0.055	0.053	0.054	0.054	0.058	0.054	0.054	0.055	600 Read#6
B	0.067	0.068	0.072	0.069	0.069	0.064	0.071	0.069	0.064	0.069	0.070	0.069	600 Read#6
C	0.043	0.044	0.044	0.045	0.045	0.046	0.049	0.045	0.053	0.059	0.046	0.050	600 Read#6
D	0.043	0.044	0.044	0.046	0.046	0.046	0.047	0.047	0.045	0.047	0.046	0.047	600 Read#6
E	0.043	0.046	0.044	0.045	0.045	0.046	0.051	0.044	0.047	0.047	0.050	0.045	600 Read#6
F	0.044	0.043	0.044	0.045	0.044	0.046	0.047	0.044	0.046	0.047	0.047	0.046	600 Read#6
G	0.065	0.065	0.060	0.066	0.063	0.063	0.064	0.066	0.065	0.068	0.064	0.064	600 Read#6
H	0.053	0.054	0.055	0.055	0.054	0.055	0.054	0.054	0.055	0.055	0.054	0.054	600 Read#6

600
Kinetic read 7 (2:19:29)
	1	2	3	4	5	6	7	8	9	10	11	12
A	0.053	0.053	0.053	0.053	0.056	0.053	0.054	0.054	0.058	0.054	0.055	0.055	600 Read#7
B	0.070	0.071	0.075	0.072	0.072	0.066	0.075	0.072	0.067	0.072	0.073	0.073	600 Read#7
C	0.044	0.044	0.045	0.045	0.045	0.046	0.049	0.045	0.053	0.059	0.046	0.050	600 Read#7
D	0.043	0.044	0.044	0.046	0.046	0.046	0.047	0.047	0.046	0.047	0.046	0.047	600 Read#7
E	0.043	0.046	0.045	0.045	0.045	0.046	0.051	0.045	0.047	0.047	0.050	0.046	600 Read#7
F	0.044	0.043	0.044	0.045	0.044	0.046	0.047	0.045	0.046	0.047	0.047	0.046	600 Read#7
G	0.068	0.068	0.061	0.068	0.066	0.066	0.067	0.069	0.068	0.070	0.067	0.066	600 Read#7
H	0.053	0.055	0.055	0.055	0.055	0.055	0.054	0.054	0.055	0.055	0.054	0.055	600 Read#7

600
Kinetic read 8 (2:39:29)
	1	2	3	4	5	6	7	8	9	10	11	12
A	0.053	0.053	0.053	0.053	0.056	0.053	0.054	0.054	0.058	0.054	0.055	0.055	600 Read#8
B	0.073	0.075	0.079	0.076	0.076	0.069	0.080	0.076	0.069	0.075	0.077	0.077	600 Read#8
C	0.044	0.044	0.045	0.045	0.045	0.046	0.049	0.045	0.053	0.059	0.046	0.050	600 Read#8
D	0.043	0.044	0.045	0.046	0.046	0.046	0.047	0.047	0.046	0.047	0.047	0.047	600 Read#8
E	0.043	0.046	0.045	0.045	0.045	0.046	0.051	0.045	0.047	0.047	0.050	0.046	600 Read#8
F	0.044	0.044	0.045	0.045	0.044	0.046	0.047	0.045	0.046	0.047	0.047	0.046	600 Read#8
G	0.072	0.071	0.063	0.072	0.069	0.069	0.070	0.072	0.071	0.073	0.070	0.070	600 Read#8
H	0.053	0.055	0.055	0.055	0.055	0.055	0.054	0.054	0.055	0.055	0.054	0.055	600 Read#8

600
Kinetic read 9 (2:59:29)
	1	2	3	4	5	6	7	8	9	10	11	12
A	0.053	0.053	0.053	0.053	0.056	0.053	0.054	0.054	0.058	0.054	0.055	0.055	600 Read#9
B	0.078	0.080	0.084	0.081	0.081	0.072	0.086	0.081	0.072	0.080	0.083	0.083	600 Read#9
C	0.044	0.044	0.045	0.045	0.045	0.046	0.049	0.045	0.053	0.059	0.046	0.050	600 Read#9
D	0.043	0.044	0.044	0.046	0.046	0.046	0.047	0.047	0.046	0.047	0.047	0.047	600 Read#9
E	0.043	0.046	0.045	0.045	0.045	0.046	0.051	0.045	0.047	0.047	0.050	0.046	600 Read#9
F	0.044	0.043	0.044	0.045	0.044	0.046	0.048	0.045	0.046	0.047	0.047	0.046	600 Read#9
G	0.076	0.075	0.065	0.076	0.073	0.072	0.074	0.076	0.075	0.077	0.075	0.074	600 Read#9
H	0.053	0.055	0.055	0.055	0.054	0.055	0.054	0.054	0.055	0.055	0.054	0.055	600 Read#9

600
Kinetic read 10 (3:19:29)
	1	2	3	4	5	6	7	8	9	10	11	12
A	0.053	0.052	0.053	0.053	0.056	0.053	0.054	0.054	0.058	0.054	0.054	0.055	600 Read#10
B	0.083	0.086	0.092	0.089	0.087	0.076	0.094	0.089	0.077	0.086	0.091	0.092	600 Read#10
C	0.044	0.044	0.045	0.045	0.045	0.046	0.049	0.045	0.053	0.059	0.046	0.050	600 Read#10
D	0.043	0.044	0.044	0.046	0.046	0.046	0.047	0.047	0.046	0.047	0.046	0.047	600 Read#10
E	0.043	0.046	0.045	0.045	0.045	0.046	0.051	0.045	0.047	0.047	0.050	0.046	600 Read#10
F	0.044	0.043	0.044	0.045	0.044	0.046	0.047	0.044	0.046	0.047	0.047	0.046	600 Read#10
G	0.082	0.080	0.068	0.082	0.077	0.077	0.079	0.082	0.081	0.083	0.081	0.080	600 Read#10
H	0.053	0.055	0.055	0.055	0.055	0.055	0.054	0.054	0.055	0.055	0.054	0.055	600 Read#10

600
Kinetic read 11 (3:39:29)
	1	2	3	4	5	6	7	8	9	10	11	12
A	0.053	0.053	0.053	0.053	0.056	0.053	0.054	0.054	0.058	0.054	0.055	0.055	600 Read#11
B	0.091	0.095	0.101	0.100	0.097	0.083	0.106	0.099	0.083	0.094	0.101	0.103	600 Read#11
C	0.044	0.044	0.045	0.045	0.045	0.046	0.049	0.045	0.053	0.059	0.046	0.050	600 Read#11
D	0.043	0.044	0.044	0.046	0.046	0.046	0.047	0.047	0.046	0.047	0.047	0.047	600 Read#11
E	0.043	0.046	0.045	0.045	0.045	0.046	0.051	0.044	0.047	0.047	0.050	0.045	600 Read#11
F	0.044	0.043	0.045	0.045	0.044	0.046	0.047	0.045	0.046	0.047	0.047	0.046	600 Read#11
G	0.090	0.087	0.072	0.089	0.083	0.083	0.086	0.089	0.088	0.090	0.089	0.088	600 Read#11
H	0.053	0.055	0.055	0.055	0.055	0.055	0.054	0.054	0.055	0.055	0.054	0.055	600 Read#11

600
Kinetic read 12 (3:59:29)
	1	2	3	4	5	6	7	8	9	10	11	12
A	0.053	0.053	0.053	0.053	0.056	0.053	0.054	0.054	0.058	0.054	0.055	0.055	600 Read#12
B	0.102	0.106	0.112	0.112	0.108	0.090	0.120	0.113	0.090	0.105	0.114	0.118	600 Read#12
C	0.044	0.044	0.045	0.045	0.045	0.046	0.049	0.045	0.053	0.059	0.046	0.050	600 Read#12
D	0.043	0.044	0.044	0.046	0.046	0.046	0.047	0.047	0.046	0.047	0.046	0.047	600 Read#12
E	0.043	0.046	0.045	0.045	0.045	0.046	0.051	0.044	0.048	0.047	0.050	0.045	600 Read#12
F	0.044	0.043	0.045	0.045	0.044	0.046	0.047	0.045	0.046	0.047	0.047	0.046	600 Read#12
G	0.101	0.095	0.077	0.098	0.090	0.090	0.097	0.099	0.099	0.099	0.100	0.098	600 Read#12
H	0.053	0.055	0.055	0.055	0.055	0.055	0.054	0.054	0.055	0.055	0.054	0.055	600 Read#12

600
Kinetic read 13 (4:19:29)
	1	2	3	4	5	6	7	8	9	10	11	12
A	0.053	0.053	0.053	0.053	0.056	0.053	0.054	0.054	0.058	0.054	0.054	0.055	600 Read#13
B	0.115	0.121	0.129	0.128	0.124	0.100	0.139	0.132	0.101	0.119	0.131	0.138	600 Read#13
C	0.044	0.044	0.045	0.045	0.045	0.046	0.049	0.045	0.053	0.060	0.046	0.050	600 Read#13
D	0.043	0.044	0.044	0.046	0.046	0.046	0.047	0.047	0.046	0.047	0.047	0.047	600 Read#13
E	0.043	0.046	0.045	0.045	0.045	0.046	0.051	0.045	0.047	0.047	0.050	0.046	600 Read#13
F	0.044	0.043	0.045	0.045	0.044	0.046	0.047	0.045	0.046	0.047	0.047	0.046	600 Read#13
G	0.114	0.107	0.085	0.111	0.100	0.100	0.110	0.111	0.112	0.112	0.114	0.113	600 Read#13
H	0.053	0.055	0.055	0.055	0.055	0.055	0.055	0.054	0.055	0.055	0.054	0.054	600 Read#13

600
Kinetic read 14 (4:39:29)
	1	2	3	4	5	6	7	8	9	10	11	12
A	0.053	0.053	0.053	0.053	0.055	0.053	0.054	0.054	0.058	0.054	0.054	0.055	600 Read#14
B	0.133	0.140	0.150	0.149	0.144	0.112	0.162	0.156	0.114	0.137	0.153	0.164	600 Read#14
C	0.044	0.044	0.044	0.045	0.045	0.046	0.049	0.045	0.053	0.059	0.046	0.050	600 Read#14
D	0.043	0.044	0.044	0.046	0.046	0.046	0.047	0.047	0.045	0.047	0.046	0.047	600 Read#14
E	0.043	0.046	0.044	0.045	0.045	0.046	0.051	0.044	0.047	0.047	0.050	0.045	600 Read#14
F	0.044	0.043	0.045	0.045	0.044	0.046	0.047	0.045	0.046	0.047	0.047	0.046	600 Read#14
G	0.131	0.123	0.094	0.127	0.112	0.114	0.127	0.129	0.129	0.130	0.134	0.132	600 Read#14
H	0.053	0.054	0.055	0.055	0.054	0.055	0.054	0.054	0.055	0.055	0.054	0.055	600 Read#14

600
Kinetic read 15 (4:59:29)
	1	2	3	4	5	6	7	8	9	10	11	12
A	0.053	0.053	0.053	0.053	0.056	0.053	0.054	0.054	0.058	0.054	0.055	0.055	600 Read#15
B	0.157	0.166	0.175	0.176	0.172	0.128	0.190	0.184	0.132	0.160	0.182	0.194	600 Read#15
C	0.044	0.044	0.045	0.045	0.045	0.046	0.049	0.045	0.053	0.060	0.046	0.050	600 Read#15
D	0.043	0.044	0.045	0.046	0.046	0.046	0.047	0.047	0.046	0.047	0.046	0.047	600 Read#15
E	0.043	0.046	0.045	0.045	0.045	0.046	0.051	0.045	0.047	0.047	0.050	0.046	600 Read#15
F	0.044	0.043	0.044	0.045	0.044	0.046	0.047	0.045	0.046	0.047	0.047	0.046	600 Read#15
G	0.154	0.145	0.106	0.150	0.130	0.132	0.148	0.151	0.149	0.150	0.155	0.154	600 Read#15
H	0.054	0.055	0.055	0.055	0.055	0.055	0.054	0.054	0.055	0.055	0.054	0.055	600 Read#15

600
Kinetic read 16 (5:19:29)
	1	2	3	4	5	6	7	8	9	10	11	12
A	0.053	0.052	0.053	0.053	0.055	0.053	0.053	0.054	0.057	0.053	0.054	0.055	600 Read#16
B	0.189	0.198	0.205	0.209	0.204	0.148	0.223	0.214	0.155	0.189	0.214	0.230	600 Read#16
C	0.044	0.044	0.045	0.045	0.045	0.046	0.049	0.045	0.053	0.059	0.046	0.050	600 Read#16
D	0.043	0.044	0.044	0.046	0.046	0.046	0.047	0.047	0.046	0.047	0.046	0.047	600 Read#16
E	0.043	0.046	0.045	0.045	0.045	0.046	0.051	0.044	0.047	0.047	0.050	0.046	600 Read#16
F	0.044	0.043	0.045	0.045	0.044	0.046	0.047	0.044	0.046	0.047	0.047	0.046	600 Read#16
G	0.182	0.173	0.123	0.177	0.154	0.158	0.172	0.180	0.177	0.176	0.182	0.179	600 Read#16
H	0.053	0.055	0.055	0.055	0.054	0.055	0.054	0.054	0.055	0.055	0.054	0.054	600 Read#16

600
Kinetic read 17 (5:39:29)
	1	2	3	4	5	6	7	8	9	10	11	12
A	0.053	0.052	0.053	0.053	0.055	0.053	0.053	0.054	0.058	0.053	0.054	0.055	600 Read#17
B	0.224	0.232	0.239	0.246	0.239	0.176	0.260	0.249	0.188	0.225	0.249	0.265	600 Read#17
C	0.044	0.044	0.045	0.045	0.045	0.046	0.049	0.045	0.053	0.059	0.046	0.050	600 Read#17
D	0.043	0.044	0.044	0.046	0.046	0.046	0.047	0.047	0.046	0.047	0.046	0.047	600 Read#17
E	0.043	0.046	0.045	0.045	0.045	0.046	0.051	0.045	0.047	0.047	0.050	0.046	600 Read#17
F	0.044	0.043	0.045	0.045	0.044	0.046	0.047	0.045	0.046	0.047	0.047	0.046	600 Read#17
G	0.219	0.210	0.145	0.211	0.186	0.192	0.202	0.216	0.213	0.211	0.216	0.215	600 Read#17
H	0.053	0.054	0.055	0.055	0.055	0.055	0.054	0.054	0.055	0.055	0.054	0.054	600 Read#17

600
Kinetic read 18 (5:59:29)
	1	2	3	4	5	6	7	8	9	10	11	12
A	0.053	0.053	0.053	0.053	0.056	0.053	0.054	0.054	0.058	0.054	0.054	0.055	600 Read#18
B	0.259	0.267	0.269	0.276	0.271	0.207	0.292	0.279	0.224	0.260	0.286	0.299	600 Read#18
C	0.044	0.044	0.045	0.045	0.045	0.046	0.049	0.045	0.053	0.060	0.046	0.050	600 Read#18
D	0.043	0.044	0.045	0.046	0.046	0.046	0.047	0.048	0.046	0.047	0.047	0.047	600 Read#18
E	0.043	0.046	0.045	0.045	0.045	0.046	0.051	0.044	0.047	0.047	0.050	0.046	600 Read#18
F	0.044	0.043	0.045	0.045	0.044	0.046	0.047	0.045	0.046	0.047	0.047	0.046	600 Read#18
G	0.260	0.248	0.173	0.244	0.221	0.230	0.237	0.255	0.244	0.244	0.248	0.243	600 Read#18
H	0.053	0.055	0.055	0.055	0.055	0.055	0.054	0.054	0.055	0.055	0.054	0.055	600 Read#18

600
Kinetic read 19 (6:19:29)
	1	2	3	4	5	6	7	8	9	10	11	12
A	0.053	0.052	0.053	0.053	0.055	0.053	0.054	0.054	0.057	0.054	0.054	0.055	600 Read#19
B	0.295	0.301	0.300	0.308	0.304	0.240	0.320	0.312	0.264	0.292	0.320	0.324	600 Read#19
C	0.044	0.044	0.045	0.045	0.045	0.046	0.049	0.045	0.053	0.059	0.046	0.050	600 Read#19
D	0.043	0.044	0.045	0.046	0.046	0.046	0.047	0.047	0.046	0.047	0.046	0.047	600 Read#19
E	0.043	0.046	0.045	0.045	0.045	0.046	0.051	0.044	0.047	0.047	0.050	0.046	600 Read#19
F	0.044	0.043	0.045	0.045	0.044	0.046	0.047	0.045	0.046	0.047	0.047	0.046	600 Read#19
G	0.305	0.284	0.210	0.278	0.257	0.266	0.269	0.294	0.278	0.277	0.279	0.272	600 Read#19
H	0.053	0.055	0.055	0.055	0.054	0.055	0.054	0.054	0.055	0.055	0.054	0.054	600 Read#19

600
Kinetic read 20 (6:39:29)
	1	2	3	4	5	6	7	8	9	10	11	12
A	0.053	0.052	0.053	0.053	0.055	0.053	0.054	0.054	0.058	0.054	0.054	0.055	600 Read#20
B	0.343	0.344	0.341	0.353	0.344	0.273	0.362	0.348	0.298	0.322	0.358	0.361	600 Read#20
C	0.044	0.044	0.045	0.045	0.045	0.046	0.049	0.045	0.053	0.060	0.046	0.050	600 Read#20
D	0.043	0.044	0.044	0.046	0.046	0.046	0.047	0.048	0.046	0.047	0.047	0.047	600 Read#20
E	0.043	0.046	0.045	0.045	0.045	0.046	0.051	0.045	0.047	0.047	0.050	0.046	600 Read#20
F	0.044	0.043	0.045	0.045	0.044	0.046	0.047	0.045	0.046	0.047	0.047	0.046	600 Read#20
G	0.343	0.320	0.258	0.319	0.293	0.300	0.303	0.335	0.318	0.310	0.315	0.306	600 Read#20
H	0.053	0.055	0.055	0.055	0.055	0.055	0.054	0.054	0.055	0.055	0.054	0.055	600 Read#20

600
Kinetic read 21 (6:59:29)
	1	2	3	4	5	6	7	8	9	10	11	12
A	0.053	0.052	0.053	0.053	0.055	0.053	0.053	0.054	0.057	0.053	0.054	0.055	600 Read#21
B	0.371	0.375	0.376	0.384	0.378	0.302	0.394	0.382	0.331	0.358	0.390	0.401	600 Read#21
C	0.044	0.044	0.044	0.045	0.045	0.046	0.049	0.045	0.053	0.059	0.046	0.050	600 Read#21
D	0.043	0.044	0.044	0.046	0.046	0.046	0.047	0.047	0.046	0.047	0.046	0.047	600 Read#21
E	0.043	0.046	0.045	0.045	0.045	0.046	0.051	0.044	0.047	0.047	0.050	0.046	600 Read#21
F	0.044	0.043	0.044	0.045	0.044	0.046	0.047	0.044	0.046	0.047	0.047	0.046	600 Read#21
G	0.373	0.357	0.328	0.358	0.330	0.332	0.346	0.375	0.354	0.350	0.352	0.343	600 Read#21
H	0.053	0.054	0.055	0.055	0.054	0.055	0.054	0.054	0.055	0.054	0.054	0.054	600 Read#21

600
Kinetic read 22 (7:19:29)
	1	2	3	4	5	6	7	8	9	10	11	12
A	0.053	0.052	0.053	0.053	0.056	0.053	0.054	0.054	0.058	0.053	0.054	0.055	600 Read#22
B	0.394	0.406	0.398	0.412	0.410	0.335	0.416	0.410	0.369	0.389	0.418	0.426	600 Read#22
C	0.044	0.044	0.045	0.045	0.045	0.046	0.049	0.045	0.053	0.060	0.046	0.050	600 Read#22
D	0.043	0.044	0.045	0.046	0.046	0.046	0.047	0.048	0.046	0.047	0.047	0.047	600 Read#22
E	0.043	0.046	0.045	0.045	0.045	0.046	0.051	0.045	0.048	0.047	0.050	0.046	600 Read#22
F	0.044	0.043	0.045	0.045	0.044	0.046	0.047	0.045	0.046	0.047	0.047	0.046	600 Read#22
G	0.401	0.392	0.402	0.388	0.372	0.363	0.384	0.404	0.380	0.380	0.378	0.366	600 Read#22
H	0.053	0.055	0.055	0.055	0.055	0.055	0.054	0.054	0.055	0.055	0.054	0.055	600 Read#22

600
Kinetic read 23 (7:39:29)
	1	2	3	4	5	6	7	8	9	10	11	12
A	0.053	0.052	0.053	0.053	0.055	0.053	0.054	0.054	0.057	0.054	0.054	0.055	600 Read#23
B	0.421	0.444	0.423	0.437	0.436	0.376	0.430	0.437	0.403	0.422	0.444	0.448	600 Read#23
C	0.044	0.044	0.045	0.045	0.045	0.046	0.049	0.045	0.053	0.060	0.046	0.050	600 Read#23
D	0.043	0.044	0.045	0.046	0.046	0.046	0.047	0.048	0.046	0.047	0.047	0.047	600 Read#23
E	0.043	0.046	0.045	0.045	0.045	0.046	0.051	0.045	0.047	0.047	0.050	0.046	600 Read#23
F	0.044	0.044	0.045	0.045	0.044	0.046	0.047	0.045	0.046	0.047	0.047	0.046	600 Read#23
G	0.428	0.424	0.452	0.418	0.401	0.402	0.426	0.435	0.403	0.404	0.401	0.395	600 Read#23
H	0.054	0.055	0.055	0.055	0.055	0.055	0.054	0.054	0.055	0.055	0.054	0.055	600 Read#23

600
Kinetic read 24 (7:59:29)
	1	2	3	4	5	6	7	8	9	10	11	12
A	0.053	0.052	0.053	0.053	0.055	0.053	0.053	0.054	0.058	0.053	0.054	0.055	600 Read#24
B	0.449	0.470	0.445	0.458	0.460	0.401	0.465	0.479	0.417	0.444	0.471	0.469	600 Read#24
C	0.044	0.044	0.045	0.046	0.045	0.046	0.049	0.045	0.053	0.060	0.047	0.050	600 Read#24
D	0.043	0.044	0.045	0.046	0.046	0.046	0.047	0.048	0.046	0.047	0.047	0.047	600 Read#24
E	0.043	0.046	0.045	0.045	0.045	0.046	0.051	0.045	0.048	0.047	0.050	0.046	600 Read#24
F	0.044	0.043	0.045	0.045	0.044	0.046	0.047	0.045	0.046	0.047	0.047	0.046	600 Read#24
G	0.459	0.458	0.492	0.450	0.433	0.427	0.460	0.472	0.434	0.430	0.434	0.442	600 Read#24
H	0.054	0.055	0.055	0.054	0.055	0.055	0.054	0.054	0.055	0.055	0.054	0.054	600 Read#24

600
Kinetic read 25 (8:19:29)
	1	2	3	4	5	6	7	8	9	10	11	12
A	0.053	0.052	0.052	0.053	0.055	0.053	0.053	0.054	0.057	0.054	0.054	0.055	600 Read#25
B	0.482	0.498	0.470	0.471	0.491	0.426	0.488	0.498	0.430	0.467	0.497	0.489	600 Read#25
C	0.044	0.044	0.044	0.045	0.045	0.046	0.049	0.045	0.053	0.060	0.046	0.050	600 Read#25
D	0.043	0.044	0.045	0.046	0.046	0.046	0.047	0.047	0.046	0.047	0.047	0.047	600 Read#25
E	0.043	0.046	0.045	0.045	0.045	0.046	0.051	0.045	0.047	0.047	0.050	0.045	600 Read#25
F	0.044	0.043	0.045	0.045	0.044	0.046	0.047	0.045	0.046	0.047	0.047	0.046	600 Read#25
G	0.499	0.488	0.530	0.482	0.468	0.458	0.486	0.510	0.471	0.462	0.471	0.479	600 Read#25
H	0.053	0.055	0.055	0.054	0.054	0.055	0.054	0.054	0.055	0.055	0.054	0.054	600 Read#25

600
Kinetic read 26 (8:39:29)
	1	2	3	4	5	6	7	8	9	10	11	12
A	0.053	0.052	0.053	0.053	0.055	0.053	0.053	0.054	0.057	0.053	0.054	0.055	600 Read#26
B	0.527	0.552	0.508	0.503	0.539	0.456	0.555	0.515	0.453	0.487	0.524	0.521	600 Read#26
C	0.044	0.044	0.045	0.046	0.045	0.046	0.049	0.045	0.053	0.060	0.046	0.050	600 Read#26
D	0.043	0.044	0.045	0.046	0.046	0.046	0.047	0.047	0.046	0.047	0.047	0.047	600 Read#26
E	0.043	0.046	0.045	0.045	0.045	0.046	0.051	0.045	0.048	0.047	0.050	0.046	600 Read#26
F	0.044	0.043	0.045	0.045	0.044	0.046	0.048	0.045	0.046	0.047	0.047	0.046	600 Read#26
G	0.539	0.528	0.569	0.525	0.507	0.488	0.508	0.558	0.502	0.498	0.508	0.524	600 Read#26
H	0.054	0.055	0.055	0.055	0.055	0.055	0.054	0.054	0.055	0.055	0.054	0.054	600 Read#26

600
Kinetic read 27 (8:59:29)
	1	2	3	4	5	6	7	8	9	10	11	12
A	0.053	0.052	0.053	0.053	0.055	0.053	0.053	0.054	0.057	0.053	0.054	0.055	600 Read#27
B	0.581	0.615	0.548	0.552	0.603	0.486	0.615	0.552	0.474	0.516	0.556	0.586	600 Read#27
C	0.044	0.044	0.044	0.045	0.045	0.046	0.049	0.045	0.053	0.060	0.046	0.050	600 Read#27
D	0.043	0.044	0.044	0.046	0.046	0.046	0.047	0.047	0.046	0.047	0.047	0.047	600 Read#27
E	0.043	0.046	0.045	0.045	0.045	0.046	0.051	0.045	0.047	0.047	0.050	0.046	600 Read#27
F	0.044	0.043	0.045	0.045	0.044	0.046	0.047	0.045	0.046	0.047	0.047	0.046	600 Read#27
G	0.589	0.564	0.608	0.565	0.549	0.522	0.529	0.612	0.532	0.534	0.542	0.566	600 Read#27
H	0.053	0.055	0.055	0.055	0.054	0.055	0.054	0.054	0.055	0.054	0.054	0.054	600 Read#27

600
Kinetic read 28 (9:19:29)
	1	2	3	4	5	6	7	8	9	10	11	12
A	0.053	0.052	0.052	0.053	0.055	0.053	0.053	0.054	0.057	0.053	0.054	0.055	600 Read#28
B	0.653	0.683	0.593	0.582	0.677	0.528	0.670	0.591	0.510	0.546	0.587	0.658	600 Read#28
C	0.044	0.044	0.045	0.045	0.045	0.046	0.049	0.045	0.053	0.059	0.046	0.050	600 Read#28
D	0.043	0.044	0.045	0.046	0.046	0.046	0.047	0.047	0.046	0.047	0.047	0.047	600 Read#28
E	0.043	0.046	0.045	0.045	0.045	0.046	0.051	0.045	0.047	0.047	0.050	0.046	600 Read#28
F	0.044	0.043	0.045	0.045	0.044	0.046	0.047	0.044	0.046	0.047	0.047	0.046	600 Read#28
G	0.643	0.606	0.646	0.607	0.584	0.558	0.549	0.680	0.568	0.566	0.585	0.615	600 Read#28
H	0.054	0.055	0.055	0.055	0.054	0.055	0.054	0.054	0.055	0.054	0.054	0.054	600 Read#28

600
Kinetic read 29 (9:39:29)
	1	2	3	4	5	6	7	8	9	10	11	12
A	0.053	0.052	0.052	0.053	0.055	0.053	0.053	0.053	0.057	0.053	0.054	0.054	600 Read#29
B	0.705	0.757	0.654	0.623	0.732	0.554	0.708	0.636	0.529	0.563	0.635	0.721	600 Read#29
C	0.044	0.044	0.044	0.045	0.045	0.046	0.049	0.045	0.053	0.059	0.046	0.050	600 Read#29
D	0.043	0.044	0.045	0.046	0.046	0.046	0.047	0.047	0.046	0.047	0.046	0.047	600 Read#29
E	0.043	0.046	0.045	0.045	0.045	0.046	0.051	0.045	0.047	0.047	0.050	0.045	600 Read#29
F	0.044	0.043	0.044	0.045	0.044	0.046	0.047	0.044	0.046	0.047	0.047	0.046	600 Read#29
G	0.692	0.633	0.683	0.656	0.634	0.585	0.578	0.736	0.594	0.592	0.618	0.667	600 Read#29
H	0.053	0.055	0.054	0.055	0.054	0.055	0.054	0.054	0.055	0.054	0.054	0.054	600 Read#29

600
Kinetic read 30 (9:59:29)
	1	2	3	4	5	6	7	8	9	10	11	12
A	0.053	0.052	0.052	0.053	0.055	0.053	0.053	0.054	0.057	0.053	0.054	0.055	600 Read#30
B	0.737	0.797	0.705	0.705	0.757	0.582	0.722	0.663	0.553	0.601	0.687	0.780	600 Read#30
C	0.044	0.044	0.045	0.045	0.045	0.046	0.049	0.045	0.053	0.060	0.046	0.050	600 Read#30
D	0.043	0.044	0.045	0.046	0.046	0.046	0.047	0.047	0.046	0.047	0.046	0.047	600 Read#30
E	0.043	0.046	0.044	0.045	0.045	0.046	0.051	0.045	0.047	0.047	0.050	0.046	600 Read#30
F	0.044	0.043	0.045	0.045	0.044	0.046	0.047	0.045	0.046	0.047	0.047	0.046	600 Read#30
G	0.742	0.675	0.717	0.707	0.690	0.626	0.619	0.789	0.641	0.632	0.660	0.729	600 Read#30
H	0.054	0.055	0.055	0.054	0.054	0.055	0.054	0.054	0.055	0.054	0.054	0.054	600 Read#30

600
Kinetic read 31 (10:19:29)
	1	2	3	4	5	6	7	8	9	10	11	12
A	0.053	0.052	0.052	0.053	0.055	0.053	0.053	0.053	0.057	0.053	0.054	0.055	600 Read#31
B	0.750	0.832	0.771	0.748	0.803	0.619	0.743	0.713	0.595	0.631	0.730	0.812	600 Read#31
C	0.044	0.044	0.045	0.045	0.045	0.046	0.049	0.045	0.053	0.060	0.046	0.050	600 Read#31
D	0.043	0.044	0.045	0.046	0.046	0.046	0.047	0.047	0.046	0.047	0.047	0.047	600 Read#31
E	0.043	0.046	0.045	0.045	0.045	0.046	0.051	0.045	0.048	0.047	0.050	0.046	600 Read#31
F	0.044	0.043	0.045	0.045	0.044	0.046	0.047	0.044	0.046	0.047	0.047	0.046	600 Read#31
G	0.793	0.713	0.744	0.746	0.737	0.670	0.672	0.841	0.696	0.680	0.713	0.759	600 Read#31
H	0.054	0.055	0.055	0.054	0.055	0.055	0.054	0.054	0.055	0.054	0.054	0.054	600 Read#31

600
Kinetic read 32 (10:39:29)
	1	2	3	4	5	6	7	8	9	10	11	12
A	0.053	0.052	0.052	0.053	0.055	0.053	0.053	0.053	0.057	0.053	0.054	0.055	600 Read#32
B	0.737	0.850	0.802	0.783	0.848	0.646	0.750	0.743	0.617	0.668	0.808	0.813	600 Read#32
C	0.044	0.044	0.045	0.045	0.045	0.046	0.049	0.045	0.053	0.060	0.046	0.050	600 Read#32
D	0.043	0.044	0.044	0.046	0.046	0.046	0.047	0.047	0.046	0.047	0.046	0.047	600 Read#32
E	0.043	0.046	0.045	0.045	0.045	0.046	0.051	0.045	0.048	0.047	0.050	0.045	600 Read#32
F	0.044	0.043	0.045	0.045	0.044	0.046	0.047	0.045	0.046	0.047	0.047	0.046	600 Read#32
G	0.834	0.748	0.774	0.802	0.783	0.715	0.732	0.881	0.737	0.715	0.753	0.800	600 Read#32
H	0.054	0.055	0.055	0.054	0.054	0.055	0.054	0.054	0.055	0.054	0.054	0.054	600 Read#32

600
Kinetic read 33 (10:59:29)
	1	2	3	4	5	6	7	8	9	10	11	12
A	0.053	0.052	0.052	0.052	0.055	0.053	0.053	0.053	0.057	0.053	0.054	0.054	600 Read#33
B	0.739	0.887	0.849	0.808	0.883	0.677	0.756	0.767	0.638	0.704	0.834	0.826	600 Read#33
C	0.044	0.044	0.044	0.045	0.045	0.046	0.049	0.045	0.053	0.060	0.046	0.050	600 Read#33
D	0.043	0.044	0.044	0.046	0.046	0.046	0.047	0.047	0.046	0.047	0.046	0.047	600 Read#33
E	0.043	0.046	0.045	0.045	0.045	0.046	0.051	0.044	0.047	0.047	0.050	0.046	600 Read#33
F	0.044	0.043	0.044	0.045	0.044	0.046	0.047	0.045	0.046	0.047	0.047	0.046	600 Read#33
G	0.865	0.795	0.805	0.849	0.821	0.778	0.772	0.921	0.802	0.784	0.791	0.805	600 Read#33
H	0.053	0.054	0.055	0.054	0.054	0.055	0.054	0.054	0.055	0.054	0.054	0.054	600 Read#33

600
Kinetic read 34 (11:19:29)
	1	2	3	4	5	6	7	8	9	10	11	12
A	0.053	0.052	0.052	0.053	0.055	0.053	0.053	0.053	0.057	0.053	0.054	0.054	600 Read#34
B	0.767	0.914	0.883	0.831	0.910	0.708	0.768	0.795	0.663	0.727	0.861	0.850	600 Read#34
C	0.044	0.044	0.045	0.045	0.045	0.046	0.049	0.045	0.053	0.060	0.046	0.050	600 Read#34
D	0.043	0.044	0.045	0.046	0.046	0.046	0.047	0.048	0.046	0.047	0.047	0.047	600 Read#34
E	0.043	0.046	0.045	0.045	0.045	0.046	0.051	0.045	0.047	0.047	0.050	0.046	600 Read#34
F	0.044	0.043	0.045	0.045	0.044	0.046	0.048	0.045	0.046	0.047	0.047	0.046	600 Read#34
G	0.898	0.862	0.829	0.893	0.861	0.808	0.819	0.950	0.846	0.835	0.814	0.822	600 Read#34
H	0.053	0.055	0.055	0.054	0.054	0.055	0.054	0.054	0.055	0.055	0.054	0.054	600 Read#34

600
Kinetic read 35 (11:39:29)
	1	2	3	4	5	6	7	8	9	10	11	12
A	0.053	0.052	0.052	0.052	0.055	0.053	0.053	0.053	0.057	0.053	0.054	0.054	600 Read#35
B	0.788	0.914	0.912	0.841	0.939	0.738	0.794	0.803	0.692	0.758	0.897	0.847	600 Read#35
C	0.044	0.044	0.044	0.045	0.045	0.046	0.049	0.045	0.053	0.060	0.046	0.050	600 Read#35
D	0.043	0.044	0.045	0.046	0.046	0.046	0.047	0.048	0.046	0.047	0.047	0.047	600 Read#35
E	0.043	0.046	0.045	0.045	0.045	0.046	0.051	0.045	0.047	0.047	0.050	0.046	600 Read#35
F	0.044	0.043	0.045	0.045	0.044	0.046	0.047	0.045	0.046	0.047	0.047	0.046	600 Read#35
G	0.923	0.908	0.855	0.941	0.898	0.853	0.858	0.992	0.889	0.860	0.867	0.852	600 Read#35
H	0.053	0.055	0.055	0.054	0.054	0.055	0.054	0.054	0.055	0.055	0.053	0.054	600 Read#35

600
Kinetic read 36 (11:59:29)
	1	2	3	4	5	6	7	8	9	10	11	12
A	0.053	0.052	0.052	0.052	0.055	0.053	0.053	0.053	0.057	0.053	0.054	0.054	600 Read#36
B	0.804	0.960	0.937	0.857	0.955	0.767	0.821	0.816	0.710	0.796	0.917	0.832	600 Read#36
C	0.044	0.044	0.045	0.045	0.045	0.046	0.049	0.045	0.053	0.059	0.046	0.050	600 Read#36
D	0.043	0.044	0.045	0.046	0.046	0.046	0.047	0.048	0.046	0.047	0.047	0.047	600 Read#36
E	0.043	0.046	0.045	0.045	0.045	0.046	0.051	0.045	0.047	0.047	0.050	0.046	600 Read#36
F	0.044	0.043	0.045	0.045	0.044	0.046	0.047	0.045	0.046	0.047	0.047	0.046	600 Read#36
G	0.938	0.959	0.879	0.994	0.938	0.903	0.882	1.023	0.948	0.908	0.896	0.858	600 Read#36
H	0.053	0.055	0.055	0.054	0.054	0.055	0.054	0.054	0.055	0.055	0.054	0.054	600 Read#36

600
Kinetic read 37 (12:19:29)
	1	2	3	4	5	6	7	8	9	10	11	12
A	0.052	0.052	0.052	0.052	0.055	0.052	0.053	0.053	0.057	0.053	0.054	0.054	600 Read#37
B	0.817	0.974	0.951	0.877	0.957	0.791	0.834	0.820	0.721	0.819	0.925	0.835	600 Read#37
C	0.044	0.044	0.044	0.045	0.045	0.046	0.049	0.045	0.053	0.059	0.046	0.050	600 Read#37
D	0.043	0.044	0.044	0.046	0.046	0.046	0.047	0.047	0.046	0.047	0.046	0.047	600 Read#37
E	0.043	0.046	0.044	0.045	0.045	0.046	0.051	0.044	0.047	0.047	0.050	0.045	600 Read#37
F	0.044	0.043	0.044	0.045	0.044	0.046	0.047	0.044	0.046	0.047	0.047	0.046	600 Read#37
G	0.958	0.992	0.899	1.040	0.963	0.959	0.908	1.039	0.991	0.933	0.910	0.874	600 Read#37
H	0.053	0.054	0.054	0.054	0.054	0.054	0.054	0.054	0.055	0.054	0.053	0.054	600 Read#37

600
Kinetic read 38 (12:39:29)
	1	2	3	4	5	6	7	8	9	10	11	12
A	0.052	0.052	0.052	0.052	0.055	0.052	0.053	0.053	0.057	0.053	0.054	0.054	600 Read#38
B	0.836	0.971	0.969	0.893	0.939	0.820	0.857	0.838	0.739	0.858	0.937	0.849	600 Read#38
C	0.044	0.044	0.044	0.045	0.045	0.046	0.049	0.045	0.053	0.059	0.046	0.050	600 Read#38
D	0.043	0.044	0.044	0.046	0.046	0.046	0.047	0.047	0.046	0.047	0.046	0.047	600 Read#38
E	0.043	0.046	0.045	0.045	0.045	0.046	0.051	0.045	0.047	0.047	0.050	0.045	600 Read#38
F	0.044	0.043	0.044	0.045	0.044	0.046	0.047	0.044	0.046	0.047	0.047	0.046	600 Read#38
G	0.986	1.022	0.918	1.078	0.995	1.004	0.931	1.055	1.021	0.965	0.921	0.839	600 Read#38
H	0.053	0.054	0.054	0.054	0.054	0.055	0.054	0.054	0.055	0.054	0.053	0.054	600 Read#38

600
Kinetic read 39 (12:59:29)
	1	2	3	4	5	6	7	8	9	10	11	12
A	0.052	0.052	0.052	0.052	0.054	0.052	0.052	0.053	0.057	0.053	0.054	0.054	600 Read#39
B	0.853	0.957	0.981	0.898	0.928	0.843	0.875	0.857	0.759	0.856	0.944	0.869	600 Read#39
C	0.044	0.044	0.044	0.045	0.045	0.046	0.049	0.045	0.053	0.059	0.046	0.050	600 Read#39
D	0.043	0.044	0.044	0.046	0.046	0.046	0.047	0.047	0.046	0.047	0.046	0.047	600 Read#39
E	0.043	0.046	0.044	0.045	0.045	0.046	0.051	0.044	0.047	0.047	0.050	0.045	600 Read#39
F	0.044	0.043	0.044	0.045	0.044	0.046	0.047	0.044	0.046	0.047	0.047	0.046	600 Read#39
G	1.014	1.050	0.942	1.111	1.034	1.044	0.950	1.075	1.063	1.003	0.945	0.854	600 Read#39
H	0.053	0.054	0.054	0.054	0.054	0.054	0.054	0.053	0.055	0.054	0.053	0.054	600 Read#39

600
Kinetic read 40 (13:19:29)
	1	2	3	4	5	6	7	8	9	10	11	12
A	0.052	0.052	0.052	0.052	0.055	0.052	0.053	0.053	0.057	0.053	0.053	0.054	600 Read#40
B	0.870	0.934	0.977	0.909	0.939	0.868	0.899	0.881	0.795	0.872	0.950	0.881	600 Read#40
C	0.044	0.044	0.045	0.046	0.045	0.046	0.049	0.045	0.053	0.060	0.047	0.050	600 Read#40
D	0.043	0.044	0.045	0.046	0.046	0.046	0.047	0.048	0.046	0.047	0.046	0.047	600 Read#40
E	0.043	0.046	0.045	0.045	0.045	0.046	0.051	0.045	0.047	0.047	0.050	0.046	600 Read#40
F	0.044	0.043	0.045	0.045	0.044	0.046	0.047	0.045	0.046	0.047	0.047	0.046	600 Read#40
G	1.040	1.100	0.959	1.122	1.070	1.083	0.963	1.093	1.089	1.027	0.938	0.853	600 Read#40
H	0.053	0.054	0.054	0.054	0.054	0.055	0.054	0.054	0.055	0.054	0.054	0.054	600 Read#40

600
Kinetic read 41 (13:39:29)
	1	2	3	4	5	6	7	8	9	10	11	12
A	0.052	0.052	0.052	0.052	0.054	0.052	0.052	0.053	0.056	0.053	0.053	0.054	600 Read#41
B	0.885	0.902	0.989	0.907	0.923	0.890	0.907	0.901	0.833	0.875	0.923	0.902	600 Read#41
C	0.044	0.044	0.044	0.045	0.045	0.046	0.049	0.045	0.053	0.059	0.046	0.050	600 Read#41
D	0.043	0.044	0.044	0.046	0.046	0.046	0.047	0.047	0.046	0.047	0.046	0.047	600 Read#41
E	0.043	0.046	0.045	0.045	0.045	0.046	0.051	0.045	0.047	0.047	0.050	0.045	600 Read#41
F	0.044	0.043	0.044	0.045	0.044	0.046	0.047	0.044	0.046	0.047	0.047	0.046	600 Read#41
G	1.056	1.116	0.975	1.133	1.086	1.113	0.971	1.111	1.117	1.044	0.938	0.886	600 Read#41
H	0.053	0.054	0.054	0.054	0.054	0.054	0.054	0.053	0.055	0.054	0.053	0.054	600 Read#41

600
Kinetic read 42 (13:59:29)
	1	2	3	4	5	6	7	8	9	10	11	12
A	0.052	0.052	0.052	0.052	0.054	0.052	0.053	0.053	0.057	0.053	0.053	0.054	600 Read#42
B	0.899	0.909	0.986	0.919	0.926	0.912	0.927	0.922	0.862	0.908	0.943	0.919	600 Read#42
C	0.044	0.044	0.045	0.045	0.045	0.046	0.049	0.045	0.053	0.060	0.046	0.050	600 Read#42
D	0.043	0.044	0.045	0.046	0.046	0.046	0.047	0.047	0.046	0.047	0.046	0.047	600 Read#42
E	0.043	0.046	0.045	0.045	0.045	0.046	0.051	0.045	0.047	0.047	0.050	0.046	600 Read#42
F	0.044	0.043	0.045	0.045	0.044	0.046	0.047	0.045	0.046	0.047	0.047	0.046	600 Read#42
G	1.058	1.130	0.990	1.143	1.096	1.138	0.991	1.131	1.153	1.049	0.921	0.898	600 Read#42
H	0.053	0.054	0.054	0.054	0.054	0.055	0.054	0.053	0.055	0.054	0.053	0.054	600 Read#42

600
Kinetic read 43 (14:19:29)
	1	2	3	4	5	6	7	8	9	10	11	12
A	0.052	0.052	0.052	0.052	0.054	0.052	0.052	0.053	0.056	0.053	0.054	0.054	600 Read#43
B	0.909	0.927	0.958	0.930	0.940	0.922	0.942	0.925	0.879	0.913	0.958	0.931	600 Read#43
C	0.044	0.044	0.045	0.045	0.045	0.046	0.049	0.045	0.053	0.060	0.046	0.050	600 Read#43
D	0.043	0.044	0.045	0.046	0.046	0.046	0.047	0.048	0.046	0.047	0.047	0.047	600 Read#43
E	0.043	0.046	0.045	0.045	0.045	0.046	0.051	0.045	0.048	0.047	0.050	0.046	600 Read#43
F	0.044	0.043	0.045	0.045	0.044	0.046	0.047	0.045	0.046	0.047	0.047	0.046	600 Read#43
G	1.046	1.137	1.004	1.171	1.104	1.157	0.998	1.150	1.167	1.050	0.899	0.913	600 Read#43
H	0.053	0.054	0.055	0.054	0.054	0.055	0.054	0.054	0.055	0.054	0.053	0.054	600 Read#43

600
Kinetic read 44 (14:39:29)
	1	2	3	4	5	6	7	8	9	10	11	12
A	0.052	0.051	0.052	0.052	0.054	0.052	0.052	0.053	0.056	0.052	0.053	0.053	600 Read#44
B	0.926	0.945	0.952	0.939	0.963	0.946	0.955	0.939	0.899	0.939	0.971	0.945	600 Read#44
C	0.044	0.044	0.045	0.045	0.045	0.046	0.049	0.045	0.053	0.059	0.046	0.050	600 Read#44
D	0.043	0.044	0.044	0.046	0.046	0.046	0.047	0.047	0.046	0.047	0.047	0.047	600 Read#44
E	0.043	0.046	0.045	0.045	0.045	0.046	0.051	0.044	0.048	0.047	0.050	0.046	600 Read#44
F	0.044	0.043	0.045	0.045	0.044	0.046	0.047	0.044	0.046	0.047	0.047	0.046	600 Read#44
G	1.026	1.136	1.015	1.191	1.117	1.177	1.014	1.165	1.179	1.050	0.926	0.936	600 Read#44
H	0.053	0.054	0.054	0.054	0.054	0.054	0.054	0.053	0.054	0.054	0.053	0.054	600 Read#44

600
Kinetic read 45 (14:59:29)
	1	2	3	4	5	6	7	8	9	10	11	12
A	0.052	0.052	0.052	0.052	0.054	0.052	0.052	0.053	0.056	0.052	0.053	0.054	600 Read#45
B	0.943	0.961	0.959	0.948	0.974	0.962	0.970	0.958	0.929	0.952	0.992	0.959	600 Read#45
C	0.044	0.044	0.045	0.045	0.045	0.046	0.049	0.045	0.053	0.060	0.046	0.050	600 Read#45
D	0.043	0.044	0.045	0.046	0.046	0.046	0.047	0.048	0.046	0.047	0.047	0.047	600 Read#45
E	0.043	0.046	0.044	0.045	0.045	0.046	0.051	0.045	0.047	0.047	0.050	0.046	600 Read#45
F	0.044	0.043	0.045	0.045	0.044	0.046	0.047	0.045	0.046	0.047	0.047	0.046	600 Read#45
G	1.000	1.140	1.026	1.195	1.116	1.191	1.017	1.177	1.189	1.037	0.938	0.951	600 Read#45
H	0.053	0.054	0.054	0.054	0.054	0.054	0.054	0.054	0.054	0.054	0.053	0.054	600 Read#45

600
Kinetic read 46 (15:19:29)
	1	2	3	4	5	6	7	8	9	10	11	12
A	0.052	0.051	0.053	0.052	0.054	0.052	0.052	0.053	0.056	0.052	0.053	0.054	600 Read#46
B	0.962	0.975	0.969	0.960	0.981	0.976	0.981	0.969	0.936	0.959	1.010	0.972	600 Read#46
C	0.044	0.044	0.045	0.045	0.045	0.046	0.049	0.045	0.053	0.060	0.046	0.050	600 Read#46
D	0.043	0.044	0.045	0.046	0.046	0.046	0.047	0.047	0.046	0.047	0.047	0.047	600 Read#46
E	0.043	0.046	0.045	0.045	0.045	0.046	0.051	0.045	0.048	0.047	0.050	0.046	600 Read#46
F	0.044	0.043	0.045	0.045	0.044	0.046	0.047	0.045	0.046	0.047	0.047	0.046	600 Read#46
G	1.013	1.149	1.033	1.227	1.108	1.215	1.034	1.188	1.199	1.020	0.945	0.973	600 Read#46
H	0.053	0.054	0.054	0.054	0.054	0.055	0.054	0.054	0.055	0.054	0.053	0.053	600 Read#46

600
Kinetic read 47 (15:39:29)
	1	2	3	4	5	6	7	8	9	10	11	12
A	0.052	0.052	0.052	0.052	0.054	0.052	0.052	0.052	0.056	0.052	0.053	0.053	600 Read#47
B	0.978	0.981	0.983	0.966	0.991	0.987	0.991	0.981	0.945	0.974	1.019	0.981	600 Read#47
C	0.044	0.044	0.045	0.045	0.045	0.046	0.049	0.045	0.053	0.059	0.046	0.050	600 Read#47
D	0.043	0.044	0.045	0.046	0.046	0.046	0.047	0.048	0.046	0.047	0.047	0.047	600 Read#47
E	0.043	0.046	0.045	0.045	0.045	0.046	0.051	0.045	0.048	0.047	0.050	0.046	600 Read#47
F	0.044	0.043	0.045	0.045	0.044	0.046	0.047	0.045	0.046	0.047	0.047	0.046	600 Read#47
G	1.024	1.144	1.045	1.238	1.113	1.246	1.042	1.196	1.200	1.038	0.965	0.989	600 Read#47
H	0.053	0.054	0.054	0.054	0.054	0.055	0.054	0.054	0.054	0.054	0.053	0.053	600 Read#47

600
Kinetic read 48 (15:59:29)
	1	2	3	4	5	6	7	8	9	10	11	12
A	0.052	0.052	0.052	0.052	0.054	0.052	0.052	0.052	0.056	0.052	0.053	0.053	600 Read#48
B	0.993	0.989	0.996	0.977	0.998	1.004	1.004	0.996	0.955	0.988	1.030	0.997	600 Read#48
C	0.044	0.044	0.045	0.046	0.045	0.046	0.049	0.045	0.053	0.059	0.046	0.050	600 Read#48
D	0.043	0.044	0.045	0.046	0.046	0.046	0.047	0.048	0.046	0.047	0.047	0.047	600 Read#48
E	0.043	0.046	0.045	0.045	0.045	0.046	0.051	0.045	0.047	0.047	0.050	0.046	600 Read#48
F	0.044	0.043	0.045	0.045	0.044	0.046	0.047	0.045	0.046	0.047	0.047	0.046	600 Read#48
G	1.035	1.137	1.054	1.261	1.117	1.284	1.044	1.189	1.201	0.993	0.976	1.016	600 Read#48
H	0.053	0.054	0.054	0.054	0.054	0.054	0.054	0.054	0.054	0.054	0.053	0.053	600 Read#48

600
Kinetic read 49 (16:19:29)
	1	2	3	4	5	6	7	8	9	10	11	12
A	0.051	0.052	0.052	0.052	0.054	0.052	0.052	0.052	0.056	0.052	0.053	0.053	600 Read#49
B	1.008	0.996	1.005	0.981	1.004	1.017	1.013	1.007	0.966	0.989	1.042	1.010	600 Read#49
C	0.044	0.044	0.045	0.045	0.045	0.046	0.049	0.045	0.053	0.059	0.046	0.050	600 Read#49
D	0.043	0.044	0.045	0.046	0.046	0.046	0.047	0.048	0.046	0.047	0.046	0.047	600 Read#49
E	0.043	0.046	0.045	0.045	0.045	0.046	0.051	0.045	0.047	0.047	0.050	0.046	600 Read#49
F	0.044	0.043	0.045	0.045	0.044	0.046	0.047	0.045	0.046	0.047	0.047	0.046	600 Read#49
G	1.047	1.103	1.068	1.258	1.127	1.308	1.052	1.190	1.241	1.014	0.991	1.034	600 Read#49
H	0.053	0.054	0.054	0.054	0.054	0.054	0.054	0.053	0.054	0.054	0.053	0.053	600 Read#49

