600
Kinetic read 1 (0:19:29)
	1	2	3	4	5	6	7	8	9	10	11	12
A	0.063	0.062	0.062	0.063	0.062	0.062	0.062	0.062	0.066	0.063	0.063	0.063	600 Read#1
B	0.061	0.060	0.061	0.061	0.061	0.062	0.063	0.061	0.061	0.062	0.060	0.061	600 Read#1
C	0.045	0.044	0.045	0.047	0.046	0.047	0.046	0.045	0.049	0.055	0.045	0.053	600 Read#1
D	0.063	0.062	0.062	0.063	0.063	0.063	0.064	0.070	0.063	0.063	0.064	0.065	600 Read#1
E	0.060	0.059	0.060	0.060	0.061	0.061	0.062	0.062	0.061	0.061	0.061	0.064	600 Read#1
F	0.045	0.045	0.045	0.046	0.046	0.047	0.047	0.046	0.048	0.046	0.046	0.047	600 Read#1
G	0.044	0.044	0.045	0.045	0.046	0.047	0.045	0.047	0.046	0.050	0.048	0.046	600 Read#1
H	0.044	0.045	0.045	0.045	0.044	0.045	0.045	0.046	0.046	0.047	0.047	0.045	600 Read#1

600
Kinetic read 2 (0:39:29)
	1	2	3	4	5	6	7	8	9	10	11	12
A	0.063	0.062	0.062	0.063	0.062	0.062	0.062	0.062	0.067	0.063	0.063	0.063	600 Read#2
B	0.061	0.060	0.061	0.061	0.061	0.061	0.062	0.061	0.061	0.062	0.060	0.061	600 Read#2
C	0.045	0.044	0.045	0.047	0.046	0.047	0.045	0.045	0.049	0.054	0.045	0.053	600 Read#2
D	0.063	0.062	0.062	0.063	0.063	0.063	0.064	0.070	0.063	0.063	0.064	0.065	600 Read#2
E	0.060	0.060	0.060	0.059	0.061	0.061	0.062	0.062	0.061	0.061	0.061	0.064	600 Read#2
F	0.044	0.045	0.045	0.046	0.046	0.047	0.047	0.046	0.048	0.046	0.046	0.047	600 Read#2
G	0.044	0.044	0.045	0.045	0.045	0.047	0.045	0.046	0.046	0.050	0.047	0.045	600 Read#2
H	0.044	0.044	0.045	0.044	0.044	0.045	0.045	0.046	0.046	0.046	0.047	0.045	600 Read#2

600
Kinetic read 3 (0:59:29)
	1	2	3	4	5	6	7	8	9	10	11	12
A	0.063	0.062	0.062	0.063	0.063	0.062	0.062	0.063	0.067	0.064	0.063	0.063	600 Read#3
B	0.061	0.060	0.060	0.060	0.061	0.062	0.062	0.061	0.061	0.062	0.060	0.061	600 Read#3
C	0.045	0.044	0.045	0.047	0.046	0.047	0.046	0.045	0.049	0.054	0.044	0.053	600 Read#3
D	0.062	0.062	0.062	0.063	0.063	0.064	0.064	0.070	0.063	0.063	0.064	0.065	600 Read#3
E	0.060	0.059	0.060	0.059	0.061	0.061	0.061	0.062	0.061	0.061	0.061	0.064	600 Read#3
F	0.044	0.045	0.045	0.046	0.045	0.047	0.047	0.046	0.048	0.046	0.046	0.047	600 Read#3
G	0.044	0.044	0.045	0.045	0.045	0.046	0.045	0.046	0.046	0.050	0.047	0.045	600 Read#3
H	0.044	0.044	0.045	0.044	0.044	0.045	0.045	0.046	0.046	0.046	0.047	0.045	600 Read#3

600
Kinetic read 4 (1:19:29)
	1	2	3	4	5	6	7	8	9	10	11	12
A	0.063	0.062	0.063	0.063	0.063	0.063	0.063	0.063	0.067	0.064	0.063	0.063	600 Read#4
B	0.061	0.060	0.060	0.060	0.061	0.061	0.062	0.061	0.060	0.062	0.060	0.061	600 Read#4
C	0.045	0.044	0.045	0.047	0.046	0.047	0.046	0.045	0.049	0.054	0.044	0.053	600 Read#4
D	0.063	0.062	0.062	0.063	0.063	0.064	0.064	0.071	0.063	0.063	0.064	0.065	600 Read#4
E	0.060	0.059	0.060	0.059	0.061	0.060	0.061	0.062	0.061	0.061	0.061	0.064	600 Read#4
F	0.044	0.045	0.045	0.046	0.045	0.047	0.047	0.046	0.048	0.046	0.046	0.047	600 Read#4
G	0.044	0.044	0.045	0.045	0.045	0.046	0.045	0.046	0.046	0.050	0.047	0.045	600 Read#4
H	0.044	0.044	0.045	0.045	0.044	0.045	0.045	0.046	0.046	0.046	0.047	0.045	600 Read#4

600
Kinetic read 5 (1:39:29)
	1	2	3	4	5	6	7	8	9	10	11	12
A	0.064	0.063	0.063	0.064	0.063	0.063	0.063	0.063	0.067	0.064	0.064	0.064	600 Read#5
B	0.061	0.060	0.061	0.061	0.061	0.062	0.063	0.061	0.061	0.062	0.060	0.061	600 Read#5
C	0.045	0.044	0.045	0.047	0.046	0.047	0.046	0.045	0.049	0.054	0.045	0.053	600 Read#5
D	0.063	0.063	0.062	0.064	0.063	0.064	0.064	0.071	0.064	0.064	0.065	0.066	600 Read#5
E	0.060	0.059	0.060	0.059	0.061	0.060	0.061	0.062	0.061	0.061	0.061	0.064	600 Read#5
F	0.045	0.045	0.045	0.046	0.046	0.047	0.047	0.046	0.048	0.046	0.046	0.047	600 Read#5
G	0.044	0.044	0.045	0.045	0.045	0.047	0.045	0.047	0.046	0.050	0.048	0.045	600 Read#5
H	0.044	0.045	0.045	0.045	0.044	0.045	0.045	0.046	0.046	0.046	0.047	0.045	600 Read#5

600
Kinetic read 6 (1:59:29)
	1	2	3	4	5	6	7	8	9	10	11	12
A	0.064	0.063	0.063	0.064	0.064	0.064	0.064	0.064	0.068	0.065	0.064	0.064	600 Read#6
B	0.061	0.060	0.060	0.061	0.061	0.062	0.062	0.061	0.061	0.062	0.060	0.061	600 Read#6
C	0.045	0.044	0.045	0.047	0.046	0.047	0.046	0.045	0.049	0.054	0.045	0.053	600 Read#6
D	0.063	0.063	0.063	0.064	0.064	0.064	0.065	0.072	0.064	0.064	0.065	0.066	600 Read#6
E	0.060	0.059	0.060	0.059	0.061	0.061	0.061	0.062	0.061	0.061	0.061	0.064	600 Read#6
F	0.045	0.045	0.045	0.046	0.045	0.047	0.047	0.046	0.048	0.046	0.046	0.047	600 Read#6
G	0.044	0.044	0.045	0.045	0.045	0.047	0.045	0.046	0.046	0.050	0.047	0.045	600 Read#6
H	0.044	0.044	0.045	0.044	0.044	0.045	0.045	0.046	0.046	0.046	0.047	0.045	600 Read#6

600
Kinetic read 7 (2:19:29)
	1	2	3	4	5	6	7	8	9	10	11	12
A	0.065	0.063	0.064	0.065	0.064	0.064	0.064	0.065	0.068	0.065	0.065	0.065	600 Read#7
B	0.060	0.060	0.060	0.061	0.061	0.061	0.062	0.061	0.061	0.062	0.060	0.061	600 Read#7
C	0.045	0.044	0.045	0.047	0.046	0.047	0.045	0.045	0.049	0.054	0.045	0.053	600 Read#7
D	0.064	0.064	0.063	0.064	0.064	0.065	0.065	0.072	0.064	0.064	0.065	0.067	600 Read#7
E	0.060	0.059	0.060	0.059	0.061	0.061	0.061	0.061	0.061	0.060	0.061	0.064	600 Read#7
F	0.044	0.045	0.045	0.046	0.045	0.047	0.047	0.046	0.048	0.046	0.046	0.047	600 Read#7
G	0.044	0.044	0.045	0.045	0.045	0.046	0.045	0.046	0.046	0.050	0.047	0.045	600 Read#7
H	0.044	0.044	0.045	0.045	0.044	0.045	0.045	0.046	0.046	0.046	0.047	0.045	600 Read#7

600
Kinetic read 8 (2:39:29)
	1	2	3	4	5	6	7	8	9	10	11	12
A	0.066	0.064	0.065	0.066	0.065	0.065	0.065	0.066	0.069	0.066	0.066	0.066	600 Read#8
B	0.061	0.060	0.060	0.061	0.061	0.062	0.062	0.061	0.061	0.062	0.060	0.061	600 Read#8
C	0.045	0.044	0.045	0.047	0.046	0.047	0.046	0.045	0.049	0.054	0.045	0.053	600 Read#8
D	0.064	0.064	0.064	0.065	0.065	0.065	0.066	0.073	0.065	0.065	0.066	0.068	600 Read#8
E	0.060	0.059	0.060	0.059	0.061	0.061	0.062	0.061	0.061	0.061	0.061	0.064	600 Read#8
F	0.044	0.045	0.045	0.046	0.046	0.047	0.047	0.046	0.048	0.046	0.046	0.047	600 Read#8
G	0.044	0.044	0.045	0.045	0.046	0.046	0.045	0.046	0.046	0.050	0.047	0.045	600 Read#8
H	0.044	0.044	0.045	0.045	0.044	0.045	0.045	0.046	0.046	0.046	0.047	0.045	600 Read#8

600
Kinetic read 9 (2:59:29)
	1	2	3	4	5	6	7	8	9	10	11	12
A	0.067	0.065	0.065	0.067	0.066	0.066	0.066	0.066	0.070	0.067	0.067	0.066	600 Read#9
B	0.060	0.060	0.060	0.060	0.061	0.062	0.062	0.061	0.060	0.062	0.061	0.061	600 Read#9
C	0.045	0.044	0.045	0.047	0.046	0.047	0.046	0.045	0.049	0.054	0.045	0.053	600 Read#9
D	0.066	0.065	0.065	0.066	0.066	0.066	0.067	0.073	0.066	0.066	0.067	0.068	600 Read#9
E	0.060	0.059	0.060	0.059	0.061	0.060	0.061	0.062	0.061	0.061	0.061	0.064	600 Read#9
F	0.045	0.045	0.045	0.046	0.046	0.047	0.047	0.046	0.048	0.046	0.046	0.047	600 Read#9
G	0.044	0.044	0.045	0.045	0.046	0.046	0.045	0.046	0.046	0.050	0.047	0.045	600 Read#9
H	0.044	0.044	0.045	0.045	0.044	0.045	0.045	0.046	0.046	0.046	0.047	0.045	600 Read#9

600
Kinetic read 10 (3:19:29)
	1	2	3	4	5	6	7	8	9	10	11	12
A	0.068	0.066	0.067	0.068	0.067	0.067	0.067	0.068	0.071	0.068	0.069	0.068	600 Read#10
B	0.060	0.060	0.061	0.060	0.061	0.062	0.062	0.061	0.061	0.062	0.060	0.061	600 Read#10
C	0.045	0.044	0.045	0.047	0.046	0.047	0.046	0.045	0.049	0.055	0.045	0.053	600 Read#10
D	0.066	0.066	0.065	0.067	0.067	0.067	0.068	0.074	0.067	0.067	0.068	0.069	600 Read#10
E	0.060	0.059	0.060	0.059	0.061	0.061	0.061	0.062	0.061	0.061	0.061	0.064	600 Read#10
F	0.045	0.045	0.045	0.046	0.045	0.047	0.047	0.046	0.048	0.046	0.046	0.047	600 Read#10
G	0.044	0.044	0.045	0.045	0.046	0.047	0.045	0.046	0.046	0.050	0.047	0.046	600 Read#10
H	0.044	0.044	0.045	0.045	0.044	0.045	0.045	0.046	0.046	0.046	0.047	0.045	600 Read#10

600
Kinetic read 11 (3:39:29)
	1	2	3	4	5	6	7	8	9	10	11	12
A	0.069	0.068	0.068	0.069	0.069	0.069	0.068	0.070	0.073	0.069	0.070	0.069	600 Read#11
B	0.060	0.060	0.060	0.060	0.060	0.061	0.062	0.061	0.060	0.062	0.060	0.061	600 Read#11
C	0.045	0.044	0.045	0.047	0.046	0.047	0.046	0.045	0.049	0.054	0.044	0.053	600 Read#11
D	0.067	0.067	0.067	0.068	0.068	0.068	0.069	0.076	0.068	0.068	0.069	0.071	600 Read#11
E	0.060	0.059	0.060	0.059	0.061	0.060	0.061	0.062	0.061	0.060	0.061	0.064	600 Read#11
F	0.044	0.045	0.045	0.046	0.045	0.047	0.047	0.046	0.048	0.046	0.046	0.047	600 Read#11
G	0.044	0.044	0.045	0.045	0.045	0.046	0.045	0.046	0.046	0.050	0.047	0.046	600 Read#11
H	0.044	0.044	0.045	0.045	0.044	0.045	0.045	0.046	0.046	0.046	0.047	0.045	600 Read#11

600
Kinetic read 12 (3:59:29)
	1	2	3	4	5	6	7	8	9	10	11	12
A	0.070	0.070	0.070	0.071	0.070	0.070	0.069	0.072	0.074	0.070	0.072	0.070	600 Read#12
B	0.060	0.060	0.060	0.060	0.060	0.062	0.062	0.061	0.060	0.062	0.060	0.061	600 Read#12
C	0.045	0.044	0.045	0.047	0.046	0.047	0.046	0.044	0.049	0.054	0.045	0.053	600 Read#12
D	0.069	0.069	0.068	0.070	0.070	0.070	0.070	0.077	0.070	0.069	0.071	0.072	600 Read#12
E	0.060	0.059	0.060	0.059	0.061	0.060	0.061	0.062	0.061	0.061	0.061	0.064	600 Read#12
F	0.045	0.045	0.045	0.046	0.046	0.047	0.047	0.046	0.048	0.046	0.046	0.047	600 Read#12
G	0.044	0.044	0.045	0.045	0.046	0.046	0.045	0.047	0.046	0.050	0.048	0.046	600 Read#12
H	0.044	0.044	0.045	0.045	0.044	0.045	0.045	0.046	0.046	0.046	0.047	0.045	600 Read#12

600
Kinetic read 13 (4:19:29)
	1	2	3	4	5	6	7	8	9	10	11	12
A	0.073	0.071	0.072	0.074	0.073	0.072	0.071	0.075	0.076	0.072	0.075	0.072	600 Read#13
B	0.060	0.060	0.060	0.060	0.060	0.061	0.062	0.061	0.060	0.061	0.060	0.061	600 Read#13
C	0.045	0.044	0.045	0.047	0.046	0.047	0.046	0.045	0.049	0.054	0.044	0.053	600 Read#13
D	0.071	0.070	0.070	0.071	0.071	0.072	0.072	0.079	0.071	0.071	0.073	0.074	600 Read#13
E	0.060	0.059	0.060	0.059	0.060	0.060	0.061	0.061	0.061	0.060	0.061	0.064	600 Read#13
F	0.044	0.044	0.045	0.046	0.045	0.047	0.047	0.046	0.048	0.046	0.046	0.047	600 Read#13
G	0.044	0.044	0.045	0.045	0.046	0.046	0.045	0.046	0.046	0.050	0.047	0.045	600 Read#13
H	0.044	0.044	0.045	0.044	0.044	0.045	0.045	0.046	0.046	0.046	0.047	0.045	600 Read#13

600
Kinetic read 14 (4:39:29)
	1	2	3	4	5	6	7	8	9	10	11	12
A	0.075	0.074	0.074	0.076	0.076	0.075	0.074	0.078	0.079	0.075	0.079	0.075	600 Read#14
B	0.060	0.060	0.060	0.060	0.061	0.062	0.062	0.061	0.060	0.062	0.060	0.061	600 Read#14
C	0.045	0.044	0.045	0.047	0.046	0.047	0.046	0.045	0.049	0.054	0.045	0.053	600 Read#14
D	0.073	0.073	0.072	0.074	0.074	0.074	0.074	0.082	0.074	0.074	0.076	0.077	600 Read#14
E	0.060	0.059	0.060	0.059	0.061	0.060	0.061	0.061	0.061	0.060	0.061	0.064	600 Read#14
F	0.044	0.045	0.045	0.046	0.045	0.047	0.047	0.046	0.048	0.046	0.046	0.047	600 Read#14
G	0.044	0.044	0.045	0.045	0.046	0.047	0.045	0.046	0.046	0.050	0.047	0.045	600 Read#14
H	0.044	0.044	0.045	0.045	0.044	0.045	0.045	0.046	0.046	0.046	0.047	0.045	600 Read#14

600
Kinetic read 15 (4:59:29)
	1	2	3	4	5	6	7	8	9	10	11	12
A	0.078	0.077	0.078	0.080	0.080	0.079	0.077	0.083	0.082	0.078	0.083	0.079	600 Read#15
B	0.060	0.060	0.060	0.060	0.061	0.061	0.062	0.061	0.060	0.061	0.060	0.061	600 Read#15
C	0.045	0.044	0.045	0.047	0.046	0.047	0.046	0.045	0.049	0.054	0.045	0.053	600 Read#15
D	0.076	0.075	0.074	0.077	0.077	0.077	0.077	0.085	0.077	0.077	0.079	0.080	600 Read#15
E	0.060	0.059	0.060	0.059	0.060	0.060	0.061	0.061	0.061	0.060	0.061	0.063	600 Read#15
F	0.045	0.045	0.045	0.046	0.046	0.047	0.047	0.046	0.048	0.046	0.046	0.047	600 Read#15
G	0.044	0.044	0.045	0.045	0.046	0.047	0.045	0.046	0.046	0.050	0.047	0.045	600 Read#15
H	0.044	0.044	0.045	0.045	0.044	0.045	0.045	0.046	0.046	0.047	0.047	0.045	600 Read#15

600
Kinetic read 16 (5:19:29)
	1	2	3	4	5	6	7	8	9	10	11	12
A	0.083	0.081	0.081	0.084	0.084	0.083	0.081	0.088	0.086	0.082	0.088	0.083	600 Read#16
B	0.060	0.060	0.060	0.060	0.061	0.061	0.062	0.061	0.060	0.061	0.059	0.061	600 Read#16
C	0.045	0.044	0.045	0.047	0.046	0.047	0.046	0.044	0.049	0.054	0.045	0.053	600 Read#16
D	0.080	0.078	0.078	0.080	0.080	0.081	0.080	0.088	0.081	0.080	0.083	0.084	600 Read#16
E	0.060	0.059	0.060	0.059	0.060	0.060	0.061	0.061	0.061	0.060	0.061	0.063	600 Read#16
F	0.044	0.044	0.045	0.046	0.046	0.047	0.047	0.046	0.048	0.046	0.046	0.047	600 Read#16
G	0.044	0.044	0.044	0.045	0.046	0.046	0.045	0.046	0.046	0.050	0.047	0.045	600 Read#16
H	0.044	0.044	0.045	0.044	0.044	0.045	0.045	0.046	0.046	0.046	0.047	0.045	600 Read#16

600
Kinetic read 17 (5:39:29)
	1	2	3	4	5	6	7	8	9	10	11	12
A	0.086	0.085	0.086	0.090	0.090	0.088	0.086	0.095	0.090	0.086	0.095	0.088	600 Read#17
B	0.060	0.060	0.060	0.060	0.060	0.061	0.062	0.061	0.060	0.061	0.059	0.061	600 Read#17
C	0.045	0.044	0.045	0.047	0.046	0.047	0.046	0.044	0.049	0.054	0.044	0.053	600 Read#17
D	0.084	0.083	0.082	0.084	0.084	0.085	0.085	0.092	0.085	0.084	0.088	0.089	600 Read#17
E	0.060	0.059	0.060	0.059	0.061	0.060	0.061	0.061	0.061	0.060	0.061	0.063	600 Read#17
F	0.044	0.045	0.045	0.046	0.045	0.047	0.047	0.046	0.048	0.046	0.046	0.047	600 Read#17
G	0.044	0.044	0.045	0.045	0.045	0.046	0.045	0.046	0.046	0.050	0.047	0.045	600 Read#17
H	0.044	0.044	0.045	0.045	0.044	0.045	0.045	0.046	0.046	0.046	0.047	0.045	600 Read#17

600
Kinetic read 18 (5:59:29)
	1	2	3	4	5	6	7	8	9	10	11	12
A	0.093	0.091	0.091	0.096	0.096	0.095	0.091	0.103	0.096	0.093	0.103	0.094	600 Read#18
B	0.060	0.060	0.060	0.060	0.060	0.061	0.062	0.061	0.060	0.061	0.060	0.061	600 Read#18
C	0.045	0.044	0.045	0.047	0.046	0.047	0.046	0.045	0.049	0.054	0.045	0.053	600 Read#18
D	0.090	0.088	0.087	0.089	0.090	0.090	0.090	0.097	0.090	0.089	0.093	0.094	600 Read#18
E	0.060	0.059	0.060	0.059	0.060	0.060	0.061	0.061	0.061	0.060	0.061	0.063	600 Read#18
F	0.045	0.045	0.045	0.046	0.046	0.047	0.047	0.046	0.048	0.046	0.046	0.047	600 Read#18
G	0.044	0.044	0.045	0.045	0.046	0.047	0.045	0.047	0.046	0.050	0.047	0.046	600 Read#18
H	0.044	0.045	0.045	0.045	0.044	0.045	0.045	0.046	0.046	0.046	0.047	0.045	600 Read#18

600
Kinetic read 19 (6:19:29)
	1	2	3	4	5	6	7	8	9	10	11	12
A	0.099	0.097	0.098	0.104	0.103	0.102	0.098	0.112	0.102	0.099	0.112	0.101	600 Read#19
B	0.060	0.060	0.060	0.060	0.060	0.061	0.062	0.061	0.060	0.062	0.059	0.061	600 Read#19
C	0.045	0.044	0.045	0.047	0.046	0.047	0.046	0.045	0.049	0.055	0.045	0.053	600 Read#19
D	0.095	0.093	0.092	0.095	0.096	0.097	0.096	0.103	0.097	0.095	0.100	0.101	600 Read#19
E	0.060	0.059	0.060	0.059	0.061	0.060	0.061	0.061	0.061	0.060	0.061	0.063	600 Read#19
F	0.045	0.045	0.045	0.046	0.046	0.047	0.047	0.046	0.048	0.046	0.046	0.047	600 Read#19
G	0.044	0.044	0.045	0.045	0.046	0.046	0.045	0.047	0.046	0.050	0.047	0.045	600 Read#19
H	0.044	0.044	0.045	0.045	0.044	0.045	0.045	0.046	0.046	0.046	0.047	0.045	600 Read#19

600
Kinetic read 20 (6:39:29)
	1	2	3	4	5	6	7	8	9	10	11	12
A	0.108	0.104	0.106	0.113	0.112	0.110	0.108	0.124	0.110	0.108	0.125	0.109	600 Read#20
B	0.060	0.060	0.060	0.060	0.060	0.061	0.062	0.061	0.060	0.061	0.059	0.061	600 Read#20
C	0.045	0.044	0.045	0.047	0.046	0.047	0.046	0.045	0.049	0.054	0.045	0.053	600 Read#20
D	0.103	0.101	0.099	0.102	0.103	0.105	0.102	0.110	0.104	0.103	0.109	0.109	600 Read#20
E	0.060	0.059	0.060	0.059	0.060	0.060	0.061	0.061	0.061	0.060	0.061	0.063	600 Read#20
F	0.044	0.045	0.045	0.046	0.045	0.046	0.047	0.046	0.048	0.046	0.046	0.047	600 Read#20
G	0.044	0.044	0.045	0.045	0.046	0.046	0.045	0.046	0.046	0.050	0.047	0.045	600 Read#20
H	0.044	0.044	0.045	0.045	0.044	0.045	0.045	0.046	0.046	0.046	0.047	0.045	600 Read#20

600
Kinetic read 21 (6:59:29)
	1	2	3	4	5	6	7	8	9	10	11	12
A	0.118	0.114	0.116	0.124	0.123	0.121	0.117	0.138	0.120	0.118	0.138	0.120	600 Read#21
B	0.060	0.060	0.060	0.060	0.061	0.061	0.062	0.061	0.060	0.061	0.060	0.061	600 Read#21
C	0.045	0.044	0.045	0.047	0.046	0.047	0.046	0.045	0.049	0.054	0.045	0.053	600 Read#21
D	0.112	0.110	0.108	0.112	0.113	0.114	0.111	0.120	0.114	0.111	0.119	0.119	600 Read#21
E	0.060	0.059	0.060	0.059	0.060	0.060	0.061	0.061	0.061	0.060	0.061	0.063	600 Read#21
F	0.044	0.045	0.045	0.046	0.046	0.047	0.047	0.046	0.048	0.046	0.046	0.047	600 Read#21
G	0.044	0.044	0.045	0.045	0.046	0.047	0.045	0.046	0.046	0.050	0.047	0.046	600 Read#21
H	0.044	0.044	0.045	0.045	0.044	0.045	0.045	0.046	0.046	0.046	0.047	0.045	600 Read#21

600
Kinetic read 22 (7:19:29)
	1	2	3	4	5	6	7	8	9	10	11	12
A	0.129	0.125	0.127	0.136	0.136	0.133	0.129	0.154	0.131	0.129	0.154	0.132	600 Read#22
B	0.060	0.060	0.060	0.060	0.060	0.061	0.062	0.061	0.060	0.061	0.059	0.060	600 Read#22
C	0.045	0.044	0.045	0.047	0.046	0.047	0.045	0.045	0.049	0.054	0.044	0.053	600 Read#22
D	0.122	0.120	0.118	0.123	0.124	0.124	0.122	0.130	0.125	0.122	0.130	0.130	600 Read#22
E	0.060	0.059	0.060	0.059	0.060	0.060	0.061	0.061	0.061	0.060	0.061	0.063	600 Read#22
F	0.044	0.044	0.045	0.046	0.045	0.046	0.047	0.046	0.048	0.046	0.046	0.047	600 Read#22
G	0.044	0.044	0.045	0.045	0.045	0.046	0.045	0.046	0.046	0.050	0.047	0.045	600 Read#22
H	0.044	0.044	0.044	0.044	0.044	0.045	0.045	0.046	0.046	0.046	0.047	0.044	600 Read#22

600
Kinetic read 23 (7:39:29)
	1	2	3	4	5	6	7	8	9	10	11	12
A	0.143	0.138	0.140	0.151	0.150	0.147	0.143	0.174	0.145	0.141	0.175	0.147	600 Read#23
B	0.060	0.060	0.060	0.060	0.061	0.061	0.062	0.061	0.061	0.061	0.060	0.061	600 Read#23
C	0.045	0.044	0.045	0.047	0.046	0.047	0.046	0.045	0.049	0.055	0.045	0.053	600 Read#23
D	0.136	0.134	0.130	0.133	0.138	0.138	0.135	0.143	0.139	0.135	0.145	0.144	600 Read#23
E	0.060	0.059	0.060	0.059	0.060	0.060	0.061	0.061	0.061	0.060	0.061	0.063	600 Read#23
F	0.044	0.045	0.045	0.046	0.045	0.047	0.047	0.046	0.048	0.046	0.046	0.047	600 Read#23
G	0.044	0.044	0.045	0.045	0.046	0.047	0.045	0.046	0.046	0.050	0.047	0.046	600 Read#23
H	0.044	0.045	0.045	0.045	0.044	0.045	0.045	0.046	0.046	0.047	0.047	0.045	600 Read#23

600
Kinetic read 24 (7:59:29)
	1	2	3	4	5	6	7	8	9	10	11	12
A	0.160	0.154	0.156	0.168	0.170	0.165	0.159	0.198	0.163	0.158	0.200	0.165	600 Read#24
B	0.060	0.060	0.060	0.060	0.060	0.061	0.062	0.061	0.060	0.061	0.059	0.060	600 Read#24
C	0.045	0.044	0.045	0.047	0.046	0.047	0.046	0.045	0.049	0.054	0.045	0.053	600 Read#24
D	0.151	0.147	0.145	0.150	0.153	0.154	0.150	0.158	0.154	0.151	0.162	0.161	600 Read#24
E	0.060	0.059	0.060	0.059	0.060	0.060	0.061	0.061	0.060	0.060	0.061	0.063	600 Read#24
F	0.044	0.045	0.045	0.046	0.046	0.047	0.047	0.046	0.048	0.046	0.046	0.047	600 Read#24
G	0.044	0.044	0.045	0.045	0.046	0.047	0.045	0.046	0.046	0.050	0.048	0.046	600 Read#24
H	0.044	0.044	0.045	0.045	0.044	0.045	0.045	0.046	0.046	0.046	0.047	0.045	600 Read#24

600
Kinetic read 25 (8:19:29)
	1	2	3	4	5	6	7	8	9	10	11	12
A	0.181	0.173	0.177	0.190	0.192	0.185	0.179	0.227	0.182	0.176	0.230	0.185	600 Read#25
B	0.060	0.059	0.060	0.060	0.060	0.061	0.062	0.061	0.060	0.061	0.059	0.060	600 Read#25
C	0.045	0.044	0.045	0.047	0.046	0.047	0.046	0.045	0.049	0.054	0.044	0.053	600 Read#25
D	0.169	0.166	0.163	0.169	0.173	0.174	0.168	0.177	0.175	0.169	0.184	0.182	600 Read#25
E	0.060	0.059	0.060	0.059	0.060	0.060	0.061	0.061	0.061	0.060	0.061	0.063	600 Read#25
F	0.044	0.045	0.045	0.046	0.045	0.047	0.047	0.046	0.048	0.046	0.046	0.047	600 Read#25
G	0.044	0.044	0.045	0.045	0.046	0.046	0.045	0.046	0.046	0.050	0.047	0.045	600 Read#25
H	0.044	0.044	0.045	0.044	0.044	0.045	0.045	0.046	0.046	0.046	0.047	0.045	600 Read#25

600
Kinetic read 26 (8:39:29)
	1	2	3	4	5	6	7	8	9	10	11	12
A	0.205	0.196	0.199	0.217	0.218	0.208	0.202	0.261	0.206	0.201	0.267	0.210	600 Read#26
B	0.060	0.060	0.060	0.060	0.060	0.061	0.062	0.061	0.060	0.061	0.059	0.060	600 Read#26
C	0.045	0.044	0.045	0.047	0.046	0.047	0.046	0.045	0.049	0.054	0.044	0.053	600 Read#26
D	0.192	0.188	0.184	0.191	0.196	0.199	0.190	0.200	0.199	0.191	0.209	0.207	600 Read#26
E	0.060	0.059	0.060	0.059	0.060	0.060	0.061	0.061	0.061	0.060	0.061	0.063	600 Read#26
F	0.044	0.045	0.045	0.046	0.045	0.047	0.047	0.046	0.048	0.046	0.046	0.047	600 Read#26
G	0.044	0.044	0.045	0.045	0.045	0.047	0.045	0.047	0.046	0.050	0.047	0.045	600 Read#26
H	0.044	0.044	0.045	0.044	0.044	0.045	0.045	0.046	0.046	0.046	0.047	0.045	600 Read#26

600
Kinetic read 27 (8:59:29)
	1	2	3	4	5	6	7	8	9	10	11	12
A	0.231	0.224	0.228	0.248	0.252	0.233	0.230	0.304	0.235	0.230	0.309	0.241	600 Read#27
B	0.060	0.059	0.060	0.060	0.060	0.061	0.061	0.061	0.060	0.061	0.059	0.060	600 Read#27
C	0.045	0.044	0.045	0.047	0.046	0.047	0.046	0.045	0.049	0.054	0.044	0.053	600 Read#27
D	0.218	0.214	0.211	0.217	0.225	0.227	0.216	0.228	0.228	0.219	0.241	0.237	600 Read#27
E	0.060	0.059	0.060	0.059	0.060	0.060	0.061	0.061	0.061	0.060	0.061	0.063	600 Read#27
F	0.045	0.045	0.045	0.046	0.045	0.047	0.047	0.046	0.048	0.046	0.046	0.047	600 Read#27
G	0.044	0.044	0.045	0.045	0.046	0.046	0.045	0.046	0.046	0.050	0.047	0.045	600 Read#27
H	0.044	0.044	0.045	0.045	0.044	0.045	0.045	0.046	0.046	0.047	0.047	0.045	600 Read#27

600
Kinetic read 28 (9:19:29)
	1	2	3	4	5	6	7	8	9	10	11	12
A	0.262	0.255	0.261	0.282	0.286	0.267	0.265	0.356	0.269	0.265	0.352	0.277	600 Read#28
B	0.060	0.059	0.060	0.060	0.060	0.061	0.061	0.061	0.060	0.061	0.059	0.060	600 Read#28
C	0.045	0.044	0.045	0.047	0.046	0.047	0.046	0.045	0.049	0.054	0.045	0.053	600 Read#28
D	0.251	0.244	0.243	0.253	0.261	0.262	0.249	0.262	0.263	0.252	0.278	0.273	600 Read#28
E	0.060	0.059	0.060	0.059	0.060	0.060	0.061	0.061	0.060	0.060	0.060	0.063	600 Read#28
F	0.044	0.045	0.045	0.046	0.045	0.047	0.047	0.046	0.048	0.046	0.046	0.047	600 Read#28
G	0.044	0.044	0.044	0.045	0.046	0.046	0.045	0.046	0.046	0.050	0.047	0.045	600 Read#28
H	0.044	0.044	0.045	0.045	0.044	0.045	0.045	0.046	0.046	0.046	0.047	0.045	600 Read#28

600
Kinetic read 29 (9:39:29)
	1	2	3	4	5	6	7	8	9	10	11	12
A	0.294	0.290	0.295	0.317	0.320	0.303	0.304	0.415	0.305	0.302	0.394	0.320	600 Read#29
B	0.059	0.059	0.060	0.060	0.060	0.061	0.061	0.060	0.060	0.061	0.059	0.060	600 Read#29
C	0.045	0.044	0.045	0.047	0.046	0.047	0.045	0.045	0.049	0.054	0.045	0.053	600 Read#29
D	0.286	0.280	0.278	0.288	0.299	0.300	0.285	0.298	0.302	0.290	0.314	0.307	600 Read#29
E	0.060	0.059	0.059	0.059	0.060	0.060	0.061	0.061	0.061	0.060	0.060	0.063	600 Read#29
F	0.044	0.044	0.045	0.046	0.045	0.047	0.047	0.046	0.048	0.046	0.046	0.047	600 Read#29
G	0.044	0.044	0.044	0.045	0.045	0.046	0.045	0.046	0.046	0.050	0.047	0.045	600 Read#29
H	0.044	0.044	0.045	0.044	0.044	0.045	0.045	0.046	0.046	0.046	0.046	0.045	600 Read#29

600
Kinetic read 30 (9:59:29)
	1	2	3	4	5	6	7	8	9	10	11	12
A	0.322	0.327	0.332	0.350	0.355	0.348	0.354	0.489	0.340	0.340	0.432	0.374	600 Read#30
B	0.060	0.059	0.060	0.060	0.060	0.061	0.062	0.061	0.060	0.061	0.059	0.060	600 Read#30
C	0.045	0.044	0.045	0.047	0.046	0.047	0.046	0.045	0.049	0.055	0.045	0.053	600 Read#30
D	0.320	0.317	0.315	0.325	0.335	0.338	0.323	0.335	0.339	0.324	0.351	0.341	600 Read#30
E	0.060	0.059	0.059	0.059	0.060	0.060	0.061	0.061	0.061	0.060	0.061	0.063	600 Read#30
F	0.045	0.045	0.045	0.046	0.045	0.047	0.047	0.046	0.048	0.046	0.046	0.047	600 Read#30
G	0.044	0.044	0.045	0.045	0.046	0.046	0.045	0.046	0.046	0.050	0.048	0.046	600 Read#30
H	0.044	0.044	0.045	0.045	0.044	0.045	0.045	0.046	0.046	0.046	0.046	0.045	600 Read#30

600
Kinetic read 31 (10:19:29)
	1	2	3	4	5	6	7	8	9	10	11	12
A	0.355	0.358	0.365	0.381	0.391	0.400	0.415	0.571	0.376	0.377	0.471	0.438	600 Read#31
B	0.059	0.059	0.060	0.060	0.060	0.061	0.061	0.061	0.060	0.061	0.059	0.060	600 Read#31
C	0.045	0.044	0.045	0.047	0.046	0.047	0.045	0.045	0.049	0.054	0.045	0.053	600 Read#31
D	0.354	0.355	0.353	0.359	0.371	0.370	0.359	0.369	0.372	0.361	0.383	0.375	600 Read#31
E	0.060	0.059	0.059	0.059	0.060	0.060	0.061	0.061	0.061	0.060	0.061	0.063	600 Read#31
F	0.045	0.045	0.045	0.046	0.045	0.047	0.047	0.046	0.048	0.046	0.046	0.047	600 Read#31
G	0.044	0.044	0.045	0.045	0.046	0.047	0.045	0.046	0.046	0.050	0.047	0.046	600 Read#31
H	0.044	0.044	0.045	0.044	0.044	0.045	0.045	0.046	0.046	0.047	0.047	0.045	600 Read#31

600
Kinetic read 32 (10:39:29)
	1	2	3	4	5	6	7	8	9	10	11	12
A	0.384	0.391	0.401	0.416	0.417	0.458	0.488	0.652	0.413	0.411	0.507	0.503	600 Read#32
B	0.059	0.059	0.060	0.060	0.060	0.061	0.061	0.060	0.060	0.061	0.059	0.060	600 Read#32
C	0.045	0.044	0.045	0.047	0.046	0.047	0.046	0.045	0.049	0.054	0.045	0.053	600 Read#32
D	0.386	0.388	0.388	0.397	0.406	0.407	0.397	0.404	0.406	0.394	0.416	0.407	600 Read#32
E	0.059	0.059	0.059	0.059	0.060	0.060	0.061	0.061	0.060	0.060	0.060	0.063	600 Read#32
F	0.045	0.045	0.045	0.046	0.045	0.047	0.047	0.046	0.048	0.046	0.046	0.047	600 Read#32
G	0.044	0.044	0.044	0.045	0.046	0.046	0.045	0.046	0.046	0.050	0.047	0.045	600 Read#32
H	0.044	0.044	0.045	0.045	0.044	0.045	0.045	0.046	0.046	0.046	0.047	0.045	600 Read#32

600
Kinetic read 33 (10:59:29)
	1	2	3	4	5	6	7	8	9	10	11	12
A	0.412	0.427	0.430	0.446	0.451	0.508	0.564	0.731	0.445	0.446	0.545	0.567	600 Read#33
B	0.059	0.059	0.060	0.060	0.060	0.061	0.062	0.061	0.060	0.061	0.059	0.060	600 Read#33
C	0.045	0.044	0.045	0.047	0.046	0.047	0.046	0.045	0.049	0.054	0.045	0.053	600 Read#33
D	0.419	0.421	0.426	0.429	0.440	0.441	0.432	0.438	0.435	0.427	0.444	0.441	600 Read#33
E	0.059	0.059	0.059	0.059	0.060	0.060	0.061	0.061	0.061	0.060	0.060	0.063	600 Read#33
F	0.045	0.045	0.045	0.046	0.046	0.047	0.047	0.046	0.048	0.046	0.046	0.047	600 Read#33
G	0.044	0.044	0.045	0.045	0.046	0.047	0.045	0.046	0.046	0.050	0.047	0.045	600 Read#33
H	0.044	0.044	0.045	0.045	0.044	0.045	0.045	0.046	0.046	0.047	0.047	0.045	600 Read#33

600
Kinetic read 34 (11:19:29)
	1	2	3	4	5	6	7	8	9	10	11	12
A	0.445	0.456	0.459	0.481	0.482	0.564	0.631	0.804	0.478	0.480	0.577	0.626	600 Read#34
B	0.059	0.059	0.060	0.059	0.060	0.061	0.061	0.060	0.060	0.061	0.059	0.060	600 Read#34
C	0.045	0.044	0.045	0.047	0.046	0.047	0.046	0.045	0.049	0.054	0.045	0.053	600 Read#34
D	0.451	0.457	0.463	0.466	0.476	0.476	0.466	0.471	0.470	0.455	0.477	0.469	600 Read#34
E	0.059	0.059	0.059	0.059	0.060	0.060	0.061	0.061	0.060	0.060	0.060	0.063	600 Read#34
F	0.044	0.045	0.045	0.046	0.045	0.047	0.047	0.046	0.048	0.046	0.046	0.047	600 Read#34
G	0.044	0.044	0.045	0.045	0.045	0.046	0.045	0.046	0.046	0.050	0.047	0.045	600 Read#34
H	0.044	0.044	0.045	0.044	0.044	0.045	0.045	0.046	0.046	0.046	0.047	0.045	600 Read#34

600
Kinetic read 35 (11:39:29)
	1	2	3	4	5	6	7	8	9	10	11	12
A	0.466	0.484	0.489	0.508	0.504	0.614	0.703	0.872	0.505	0.510	0.603	0.687	600 Read#35
B	0.059	0.059	0.060	0.059	0.060	0.061	0.061	0.060	0.060	0.061	0.059	0.060	600 Read#35
C	0.045	0.044	0.045	0.047	0.046	0.047	0.046	0.045	0.049	0.054	0.044	0.053	600 Read#35
D	0.476	0.487	0.498	0.492	0.509	0.507	0.498	0.506	0.501	0.486	0.505	0.502	600 Read#35
E	0.059	0.059	0.059	0.059	0.060	0.060	0.061	0.061	0.060	0.060	0.061	0.063	600 Read#35
F	0.045	0.045	0.045	0.046	0.045	0.047	0.047	0.046	0.048	0.046	0.046	0.047	600 Read#35
G	0.044	0.044	0.045	0.045	0.046	0.047	0.045	0.046	0.046	0.050	0.047	0.045	600 Read#35
H	0.044	0.044	0.045	0.045	0.044	0.045	0.045	0.046	0.046	0.046	0.047	0.045	600 Read#35

600
Kinetic read 36 (11:59:29)
	1	2	3	4	5	6	7	8	9	10	11	12
A	0.493	0.521	0.513	0.538	0.527	0.657	0.763	0.928	0.540	0.542	0.631	0.734	600 Read#36
B	0.059	0.059	0.060	0.060	0.060	0.061	0.061	0.061	0.060	0.061	0.059	0.060	600 Read#36
C	0.045	0.045	0.045	0.047	0.046	0.047	0.046	0.045	0.049	0.054	0.045	0.053	600 Read#36
D	0.505	0.518	0.530	0.518	0.541	0.537	0.528	0.535	0.533	0.517	0.533	0.527	600 Read#36
E	0.059	0.058	0.059	0.059	0.060	0.060	0.061	0.061	0.060	0.060	0.060	0.063	600 Read#36
F	0.044	0.045	0.045	0.046	0.046	0.047	0.047	0.046	0.048	0.046	0.046	0.047	600 Read#36
G	0.044	0.044	0.045	0.045	0.046	0.047	0.045	0.046	0.046	0.050	0.048	0.045	600 Read#36
H	0.044	0.044	0.045	0.045	0.044	0.045	0.045	0.046	0.046	0.047	0.047	0.045	600 Read#36

600
Kinetic read 37 (12:19:29)
	1	2	3	4	5	6	7	8	9	10	11	12
A	0.511	0.538	0.540	0.569	0.563	0.697	0.814	0.979	0.566	0.569	0.656	0.767	600 Read#37
B	0.059	0.059	0.060	0.059	0.060	0.061	0.061	0.060	0.060	0.061	0.059	0.060	600 Read#37
C	0.045	0.044	0.045	0.047	0.046	0.047	0.046	0.045	0.049	0.054	0.045	0.053	600 Read#37
D	0.531	0.542	0.561	0.556	0.565	0.567	0.558	0.569	0.561	0.547	0.558	0.552	600 Read#37
E	0.059	0.058	0.059	0.059	0.060	0.060	0.061	0.061	0.060	0.060	0.060	0.063	600 Read#37
F	0.044	0.045	0.045	0.046	0.046	0.047	0.047	0.046	0.048	0.046	0.046	0.047	600 Read#37
G	0.044	0.044	0.045	0.045	0.045	0.047	0.045	0.046	0.046	0.050	0.047	0.046	600 Read#37
H	0.044	0.044	0.045	0.045	0.044	0.045	0.045	0.046	0.046	0.047	0.047	0.045	600 Read#37

600
Kinetic read 38 (12:39:29)
	1	2	3	4	5	6	7	8	9	10	11	12
A	0.540	0.556	0.544	0.600	0.583	0.730	0.864	1.026	0.593	0.589	0.685	0.804	600 Read#38
B	0.059	0.059	0.059	0.059	0.059	0.061	0.061	0.060	0.059	0.061	0.059	0.060	600 Read#38
C	0.045	0.044	0.045	0.047	0.046	0.047	0.045	0.044	0.049	0.054	0.044	0.053	600 Read#38
D	0.554	0.566	0.584	0.578	0.596	0.592	0.584	0.596	0.584	0.577	0.581	0.576	600 Read#38
E	0.059	0.058	0.059	0.058	0.060	0.060	0.060	0.061	0.060	0.060	0.060	0.063	600 Read#38
F	0.044	0.045	0.045	0.046	0.045	0.047	0.047	0.046	0.048	0.046	0.046	0.047	600 Read#38
G	0.044	0.044	0.045	0.045	0.045	0.047	0.045	0.046	0.046	0.050	0.047	0.045	600 Read#38
H	0.044	0.044	0.045	0.044	0.044	0.045	0.045	0.046	0.046	0.046	0.047	0.045	600 Read#38

600
Kinetic read 39 (12:59:29)
	1	2	3	4	5	6	7	8	9	10	11	12
A	0.561	0.586	0.591	0.626	0.611	0.762	0.906	1.067	0.617	0.614	0.704	0.842	600 Read#39
B	0.059	0.059	0.059	0.059	0.060	0.061	0.061	0.060	0.060	0.061	0.059	0.060	600 Read#39
C	0.045	0.044	0.045	0.047	0.046	0.047	0.046	0.045	0.049	0.054	0.045	0.053	600 Read#39
D	0.572	0.593	0.609	0.601	0.614	0.616	0.608	0.621	0.615	0.599	0.609	0.596	600 Read#39
E	0.059	0.059	0.059	0.059	0.060	0.060	0.061	0.061	0.060	0.060	0.060	0.062	600 Read#39
F	0.044	0.045	0.045	0.046	0.046	0.047	0.047	0.046	0.048	0.046	0.046	0.047	600 Read#39
G	0.044	0.044	0.045	0.045	0.045	0.047	0.045	0.046	0.046	0.050	0.047	0.045	600 Read#39
H	0.044	0.044	0.045	0.044	0.044	0.045	0.045	0.046	0.046	0.046	0.047	0.045	600 Read#39

600
Kinetic read 40 (13:19:29)
	1	2	3	4	5	6	7	8	9	10	11	12
A	0.571	0.599	0.614	0.644	0.626	0.787	0.945	1.105	0.636	0.636	0.722	0.880	600 Read#40
B	0.059	0.059	0.059	0.059	0.060	0.061	0.061	0.060	0.060	0.061	0.059	0.060	600 Read#40
C	0.045	0.044	0.045	0.047	0.046	0.047	0.046	0.045	0.049	0.054	0.045	0.053	600 Read#40
D	0.606	0.619	0.634	0.627	0.633	0.635	0.634	0.649	0.636	0.626	0.626	0.622	600 Read#40
E	0.059	0.058	0.059	0.059	0.060	0.060	0.061	0.061	0.060	0.060	0.060	0.063	600 Read#40
F	0.044	0.045	0.045	0.046	0.046	0.047	0.047	0.046	0.048	0.046	0.046	0.047	600 Read#40
G	0.044	0.044	0.045	0.045	0.046	0.046	0.045	0.046	0.046	0.050	0.047	0.046	600 Read#40
H	0.044	0.044	0.045	0.045	0.044	0.045	0.045	0.046	0.046	0.046	0.047	0.045	600 Read#40

600
Kinetic read 41 (13:39:29)
	1	2	3	4	5	6	7	8	9	10	11	12
A	0.583	0.630	0.631	0.656	0.645	0.817	0.977	1.134	0.657	0.653	0.742	0.913	600 Read#41
B	0.059	0.059	0.059	0.059	0.060	0.061	0.061	0.060	0.060	0.061	0.059	0.060	600 Read#41
C	0.045	0.044	0.045	0.047	0.046	0.047	0.046	0.045	0.049	0.054	0.045	0.053	600 Read#41
D	0.612	0.629	0.653	0.645	0.658	0.656	0.657	0.667	0.662	0.652	0.654	0.638	600 Read#41
E	0.059	0.058	0.059	0.059	0.060	0.060	0.061	0.061	0.060	0.060	0.060	0.063	600 Read#41
F	0.045	0.045	0.045	0.046	0.045	0.047	0.047	0.046	0.048	0.046	0.046	0.047	600 Read#41
G	0.044	0.044	0.045	0.045	0.046	0.047	0.045	0.047	0.046	0.050	0.047	0.045	600 Read#41
H	0.044	0.044	0.045	0.045	0.044	0.045	0.045	0.046	0.046	0.046	0.047	0.045	600 Read#41

600
Kinetic read 42 (13:59:29)
	1	2	3	4	5	6	7	8	9	10	11	12
A	0.610	0.621	0.629	0.674	0.663	0.853	1.005	1.167	0.674	0.674	0.765	0.944	600 Read#42
B	0.059	0.059	0.059	0.059	0.060	0.061	0.061	0.060	0.060	0.061	0.059	0.060	600 Read#42
C	0.045	0.044	0.045	0.047	0.046	0.047	0.046	0.044	0.049	0.054	0.045	0.053	600 Read#42
D	0.625	0.654	0.672	0.662	0.674	0.674	0.679	0.689	0.683	0.674	0.670	0.654	600 Read#42
E	0.059	0.058	0.059	0.058	0.060	0.060	0.061	0.061	0.060	0.060	0.060	0.063	600 Read#42
F	0.045	0.044	0.045	0.046	0.046	0.047	0.047	0.046	0.048	0.046	0.046	0.047	600 Read#42
G	0.044	0.044	0.045	0.045	0.046	0.046	0.045	0.046	0.046	0.050	0.047	0.046	600 Read#42
H	0.044	0.044	0.045	0.045	0.044	0.045	0.045	0.046	0.046	0.046	0.047	0.045	600 Read#42

600
Kinetic read 43 (14:19:29)
	1	2	3	4	5	6	7	8	9	10	11	12
A	0.614	0.633	0.640	0.692	0.668	0.872	1.032	1.194	0.693	0.688	0.776	0.976	600 Read#43
B	0.059	0.059	0.059	0.059	0.059	0.060	0.061	0.060	0.059	0.061	0.059	0.060	600 Read#43
C	0.045	0.044	0.045	0.047	0.046	0.047	0.045	0.044	0.049	0.054	0.044	0.053	600 Read#43
D	0.641	0.664	0.690	0.687	0.685	0.698	0.700	0.716	0.700	0.690	0.690	0.671	600 Read#43
E	0.059	0.058	0.059	0.058	0.060	0.060	0.061	0.061	0.060	0.060	0.060	0.062	600 Read#43
F	0.044	0.044	0.045	0.046	0.045	0.047	0.047	0.046	0.048	0.046	0.046	0.047	600 Read#43
G	0.044	0.044	0.045	0.045	0.045	0.046	0.045	0.046	0.046	0.050	0.047	0.045	600 Read#43
H	0.044	0.044	0.045	0.045	0.044	0.045	0.045	0.046	0.046	0.046	0.046	0.045	600 Read#43

600
Kinetic read 44 (14:39:29)
	1	2	3	4	5	6	7	8	9	10	11	12
A	0.619	0.658	0.655	0.708	0.689	0.895	1.058	1.222	0.711	0.704	0.799	1.005	600 Read#44
B	0.059	0.059	0.059	0.059	0.060	0.060	0.061	0.060	0.060	0.061	0.059	0.060	600 Read#44
C	0.045	0.044	0.045	0.047	0.046	0.047	0.046	0.044	0.049	0.054	0.044	0.053	600 Read#44
D	0.657	0.689	0.710	0.695	0.698	0.714	0.721	0.729	0.729	0.710	0.737	0.690	600 Read#44
E	0.059	0.058	0.059	0.058	0.060	0.060	0.061	0.061	0.060	0.060	0.060	0.062	600 Read#44
F	0.044	0.045	0.045	0.046	0.046	0.047	0.047	0.046	0.048	0.046	0.046	0.047	600 Read#44
G	0.044	0.044	0.045	0.045	0.046	0.046	0.045	0.046	0.046	0.050	0.047	0.046	600 Read#44
H	0.044	0.045	0.045	0.045	0.044	0.045	0.045	0.046	0.046	0.046	0.047	0.045	600 Read#44

600
Kinetic read 45 (14:59:29)
	1	2	3	4	5	6	7	8	9	10	11	12
A	0.644	0.683	0.659	0.720	0.705	0.911	1.080	1.242	0.728	0.723	0.804	1.031	600 Read#45
B	0.058	0.059	0.059	0.059	0.059	0.060	0.061	0.060	0.059	0.061	0.059	0.060	600 Read#45
C	0.045	0.044	0.045	0.047	0.046	0.047	0.046	0.044	0.049	0.054	0.045	0.053	600 Read#45
D	0.686	0.702	0.724	0.719	0.717	0.733	0.741	0.749	0.742	0.722	0.727	0.715	600 Read#45
E	0.059	0.058	0.059	0.058	0.060	0.060	0.061	0.061	0.060	0.060	0.060	0.062	600 Read#45
F	0.044	0.045	0.045	0.046	0.045	0.046	0.047	0.046	0.048	0.046	0.046	0.047	600 Read#45
G	0.044	0.044	0.045	0.045	0.045	0.046	0.045	0.046	0.046	0.050	0.047	0.045	600 Read#45
H	0.044	0.044	0.045	0.045	0.044	0.045	0.045	0.046	0.046	0.046	0.047	0.045	600 Read#45

600
Kinetic read 46 (15:19:29)
	1	2	3	4	5	6	7	8	9	10	11	12
A	0.683	0.684	0.667	0.728	0.706	0.946	1.101	1.265	0.745	0.737	0.821	1.056	600 Read#46
B	0.058	0.059	0.059	0.059	0.059	0.060	0.061	0.060	0.060	0.061	0.059	0.059	600 Read#46
C	0.045	0.044	0.045	0.047	0.046	0.047	0.046	0.045	0.049	0.054	0.045	0.053	600 Read#46
D	0.707	0.717	0.736	0.731	0.737	0.746	0.753	0.774	0.756	0.729	0.743	0.711	600 Read#46
E	0.059	0.058	0.059	0.058	0.060	0.060	0.061	0.061	0.060	0.060	0.060	0.062	600 Read#46
F	0.044	0.045	0.045	0.046	0.046	0.047	0.047	0.046	0.048	0.046	0.046	0.047	600 Read#46
G	0.044	0.044	0.045	0.045	0.045	0.047	0.045	0.047	0.046	0.050	0.047	0.045	600 Read#46
H	0.044	0.044	0.045	0.044	0.044	0.045	0.045	0.046	0.046	0.046	0.047	0.045	600 Read#46

600
Kinetic read 47 (15:39:29)
	1	2	3	4	5	6	7	8	9	10	11	12
A	0.692	0.672	0.665	0.743	0.723	0.949	1.123	1.281	0.762	0.755	0.851	1.079	600 Read#47
B	0.058	0.059	0.059	0.059	0.059	0.060	0.061	0.060	0.059	0.061	0.059	0.060	600 Read#47
C	0.045	0.044	0.045	0.047	0.046	0.047	0.046	0.045	0.049	0.054	0.045	0.053	600 Read#47
D	0.705	0.729	0.747	0.742	0.748	0.771	0.772	0.792	0.793	0.759	0.756	0.724	600 Read#47
E	0.059	0.058	0.059	0.059	0.060	0.059	0.061	0.061	0.060	0.060	0.060	0.062	600 Read#47
F	0.044	0.045	0.045	0.046	0.045	0.047	0.047	0.046	0.048	0.046	0.046	0.047	600 Read#47
G	0.044	0.044	0.045	0.045	0.045	0.047	0.045	0.046	0.046	0.050	0.047	0.045	600 Read#47
H	0.044	0.044	0.045	0.045	0.044	0.045	0.045	0.046	0.046	0.047	0.047	0.045	600 Read#47

600
Kinetic read 48 (15:59:29)
	1	2	3	4	5	6	7	8	9	10	11	12
A	0.686	0.671	0.720	0.757	0.743	0.963	1.143	1.296	0.776	0.763	0.865	1.102	600 Read#48
B	0.058	0.058	0.059	0.059	0.059	0.060	0.061	0.060	0.059	0.061	0.059	0.059	600 Read#48
C	0.045	0.044	0.045	0.047	0.046	0.047	0.046	0.045	0.049	0.054	0.045	0.053	600 Read#48
D	0.709	0.734	0.759	0.775	0.772	0.762	0.781	0.996	0.809	0.778	0.770	0.727	600 Read#48
E	0.059	0.058	0.059	0.058	0.060	0.060	0.061	0.061	0.060	0.060	0.060	0.062	600 Read#48
F	0.044	0.045	0.045	0.046	0.046	0.047	0.047	0.046	0.048	0.046	0.046	0.047	600 Read#48
G	0.044	0.044	0.045	0.045	0.046	0.047	0.045	0.046	0.046	0.050	0.047	0.045	600 Read#48
H	0.044	0.044	0.045	0.045	0.044	0.045	0.045	0.046	0.046	0.046	0.047	0.045	600 Read#48

600
Kinetic read 49 (16:19:29)
	1	2	3	4	5	6	7	8	9	10	11	12
A	0.706	0.699	0.733	0.774	0.753	0.980	1.163	1.330	0.796	0.780	0.854	1.123	600 Read#49
B	0.058	0.059	0.059	0.059	0.059	0.060	0.061	0.060	0.059	0.061	0.059	0.059	600 Read#49
C	0.045	0.045	0.045	0.047	0.046	0.047	0.046	0.045	0.049	0.054	0.045	0.053	600 Read#49
D	0.713	0.762	0.782	0.780	0.781	0.779	0.796	0.807	0.793	0.792	0.780	0.746	600 Read#49
E	0.059	0.058	0.059	0.058	0.060	0.060	0.060	0.061	0.060	0.060	0.060	0.062	600 Read#49
F	0.044	0.045	0.045	0.046	0.045	0.047	0.047	0.046	0.048	0.046	0.046	0.047	600 Read#49
G	0.044	0.044	0.045	0.045	0.045	0.046	0.045	0.046	0.046	0.050	0.047	0.045	600 Read#49
H	0.044	0.044	0.045	0.045	0.044	0.045	0.045	0.046	0.046	0.046	0.047	0.045	600 Read#49

