600
Kinetic read 1 (0:19:29)
	1	2	3	4	5	6	7	8	9	10	11	12
A	0.049	0.049	0.049	0.050	0.050	0.050	0.050	0.056	0.052	0.050	0.051	0.051	600 Read#1
B	0.054	0.057	0.056	0.055	0.057	0.056	0.063	0.057	0.061	0.054	0.058	0.057	600 Read#1
C	0.044	0.043	0.044	0.045	0.045	0.046	0.049	0.045	0.053	0.060	0.046	0.050	600 Read#1
D	0.043	0.043	0.044	0.046	0.051	0.046	0.047	0.047	0.046	0.047	0.046	0.047	600 Read#1
E	0.043	0.044	0.044	0.045	0.045	0.046	0.050	0.044	0.047	0.047	0.050	0.045	600 Read#1
F	0.043	0.043	0.044	0.045	0.044	0.046	0.047	0.045	0.046	0.047	0.047	0.046	600 Read#1
G	0.055	0.057	0.056	0.056	0.057	0.056	0.056	0.057	0.057	0.059	0.056	0.056	600 Read#1
H	0.049	0.050	0.051	0.051	0.050	0.050	0.050	0.050	0.051	0.051	0.051	0.051	600 Read#1

600
Kinetic read 2 (0:39:29)
	1	2	3	4	5	6	7	8	9	10	11	12
A	0.049	0.049	0.049	0.050	0.051	0.050	0.050	0.056	0.052	0.050	0.051	0.051	600 Read#2
B	0.054	0.057	0.057	0.056	0.058	0.057	0.064	0.058	0.062	0.054	0.059	0.057	600 Read#2
C	0.044	0.043	0.044	0.045	0.045	0.046	0.049	0.045	0.053	0.060	0.046	0.051	600 Read#2
D	0.043	0.044	0.045	0.047	0.052	0.046	0.047	0.047	0.046	0.047	0.046	0.047	600 Read#2
E	0.043	0.044	0.045	0.045	0.045	0.046	0.050	0.044	0.047	0.047	0.050	0.046	600 Read#2
F	0.043	0.043	0.045	0.045	0.044	0.046	0.047	0.045	0.046	0.047	0.047	0.046	600 Read#2
G	0.056	0.057	0.057	0.057	0.058	0.057	0.056	0.058	0.058	0.060	0.057	0.056	600 Read#2
H	0.050	0.050	0.050	0.051	0.051	0.051	0.051	0.051	0.051	0.051	0.051	0.051	600 Read#2

600
Kinetic read 3 (0:59:29)
	1	2	3	4	5	6	7	8	9	10	11	12
A	0.049	0.049	0.049	0.050	0.051	0.050	0.050	0.057	0.052	0.050	0.051	0.051	600 Read#3
B	0.055	0.058	0.057	0.057	0.058	0.058	0.065	0.058	0.063	0.054	0.059	0.058	600 Read#3
C	0.044	0.043	0.045	0.045	0.045	0.046	0.049	0.045	0.053	0.060	0.046	0.051	600 Read#3
D	0.043	0.044	0.045	0.047	0.052	0.046	0.047	0.047	0.046	0.047	0.046	0.047	600 Read#3
E	0.043	0.044	0.044	0.045	0.045	0.046	0.050	0.045	0.047	0.047	0.050	0.046	600 Read#3
F	0.043	0.043	0.044	0.045	0.044	0.046	0.047	0.045	0.046	0.047	0.047	0.046	600 Read#3
G	0.056	0.058	0.057	0.057	0.058	0.057	0.057	0.058	0.059	0.061	0.058	0.057	600 Read#3
H	0.049	0.050	0.050	0.051	0.051	0.051	0.051	0.051	0.051	0.051	0.051	0.051	600 Read#3

600
Kinetic read 4 (1:19:29)
	1	2	3	4	5	6	7	8	9	10	11	12
A	0.049	0.049	0.049	0.050	0.051	0.050	0.050	0.058	0.052	0.050	0.051	0.051	600 Read#4
B	0.056	0.059	0.058	0.057	0.060	0.059	0.067	0.059	0.065	0.054	0.060	0.059	600 Read#4
C	0.044	0.043	0.045	0.046	0.045	0.046	0.049	0.045	0.053	0.060	0.046	0.051	600 Read#4
D	0.043	0.044	0.045	0.047	0.052	0.046	0.047	0.047	0.046	0.047	0.047	0.047	600 Read#4
E	0.043	0.044	0.045	0.045	0.045	0.046	0.050	0.045	0.047	0.047	0.050	0.046	600 Read#4
F	0.043	0.043	0.045	0.045	0.044	0.046	0.047	0.045	0.046	0.047	0.047	0.046	600 Read#4
G	0.057	0.059	0.059	0.059	0.059	0.058	0.058	0.059	0.060	0.062	0.058	0.058	600 Read#4
H	0.050	0.050	0.050	0.051	0.051	0.051	0.051	0.051	0.051	0.051	0.051	0.051	600 Read#4

600
Kinetic read 5 (1:39:29)
	1	2	3	4	5	6	7	8	9	10	11	12
A	0.049	0.049	0.049	0.050	0.050	0.050	0.050	0.059	0.053	0.050	0.051	0.051	600 Read#5
B	0.057	0.060	0.060	0.059	0.061	0.060	0.069	0.060	0.068	0.054	0.061	0.060	600 Read#5
C	0.044	0.043	0.045	0.045	0.045	0.046	0.049	0.045	0.053	0.060	0.046	0.051	600 Read#5
D	0.043	0.044	0.045	0.047	0.052	0.046	0.047	0.047	0.047	0.047	0.047	0.047	600 Read#5
E	0.043	0.044	0.045	0.045	0.045	0.046	0.050	0.045	0.047	0.047	0.050	0.046	600 Read#5
F	0.043	0.043	0.044	0.045	0.044	0.046	0.047	0.045	0.046	0.047	0.047	0.046	600 Read#5
G	0.058	0.060	0.060	0.060	0.061	0.059	0.059	0.061	0.061	0.063	0.060	0.059	600 Read#5
H	0.050	0.050	0.050	0.051	0.051	0.051	0.051	0.051	0.051	0.051	0.051	0.051	600 Read#5

600
Kinetic read 6 (1:59:29)
	1	2	3	4	5	6	7	8	9	10	11	12
A	0.049	0.050	0.049	0.050	0.050	0.050	0.050	0.060	0.052	0.050	0.051	0.051	600 Read#6
B	0.059	0.062	0.061	0.060	0.063	0.061	0.072	0.062	0.070	0.054	0.062	0.061	600 Read#6
C	0.044	0.043	0.045	0.045	0.045	0.046	0.049	0.045	0.053	0.060	0.046	0.051	600 Read#6
D	0.043	0.044	0.045	0.047	0.052	0.046	0.047	0.048	0.046	0.047	0.046	0.047	600 Read#6
E	0.043	0.044	0.045	0.045	0.045	0.046	0.050	0.045	0.047	0.047	0.050	0.046	600 Read#6
F	0.043	0.043	0.044	0.045	0.044	0.046	0.047	0.045	0.046	0.047	0.047	0.046	600 Read#6
G	0.059	0.062	0.061	0.061	0.062	0.061	0.061	0.062	0.062	0.064	0.061	0.060	600 Read#6
H	0.050	0.050	0.050	0.051	0.051	0.051	0.051	0.051	0.051	0.051	0.051	0.051	600 Read#6

600
Kinetic read 7 (2:19:29)
	1	2	3	4	5	6	7	8	9	10	11	12
A	0.049	0.049	0.050	0.050	0.051	0.050	0.050	0.062	0.052	0.050	0.051	0.051	600 Read#7
B	0.061	0.065	0.063	0.062	0.065	0.064	0.076	0.064	0.074	0.054	0.063	0.063	600 Read#7
C	0.044	0.043	0.045	0.046	0.045	0.046	0.049	0.045	0.053	0.060	0.046	0.051	600 Read#7
D	0.043	0.044	0.045	0.047	0.052	0.046	0.047	0.048	0.047	0.047	0.047	0.047	600 Read#7
E	0.043	0.044	0.045	0.045	0.045	0.046	0.050	0.045	0.047	0.047	0.050	0.046	600 Read#7
F	0.043	0.043	0.045	0.045	0.044	0.046	0.047	0.045	0.046	0.047	0.047	0.046	600 Read#7
G	0.061	0.064	0.063	0.064	0.065	0.063	0.063	0.064	0.064	0.066	0.063	0.062	600 Read#7
H	0.050	0.050	0.051	0.051	0.051	0.051	0.051	0.051	0.051	0.051	0.051	0.051	600 Read#7

600
Kinetic read 8 (2:39:29)
	1	2	3	4	5	6	7	8	9	10	11	12
A	0.049	0.049	0.050	0.049	0.050	0.050	0.050	0.064	0.052	0.050	0.051	0.051	600 Read#8
B	0.063	0.066	0.065	0.064	0.068	0.066	0.080	0.066	0.077	0.054	0.065	0.065	600 Read#8
C	0.044	0.043	0.045	0.045	0.045	0.046	0.049	0.045	0.053	0.060	0.046	0.051	600 Read#8
D	0.043	0.044	0.045	0.047	0.052	0.046	0.047	0.047	0.047	0.047	0.047	0.047	600 Read#8
E	0.043	0.044	0.044	0.045	0.045	0.046	0.050	0.045	0.047	0.047	0.050	0.046	600 Read#8
F	0.043	0.043	0.045	0.045	0.044	0.046	0.047	0.045	0.046	0.047	0.047	0.046	600 Read#8
G	0.063	0.067	0.066	0.066	0.067	0.065	0.065	0.066	0.067	0.068	0.065	0.064	600 Read#8
H	0.050	0.050	0.050	0.050	0.051	0.051	0.051	0.051	0.051	0.051	0.051	0.051	600 Read#8

600
Kinetic read 9 (2:59:29)
	1	2	3	4	5	6	7	8	9	10	11	12
A	0.049	0.049	0.049	0.049	0.050	0.050	0.050	0.067	0.052	0.050	0.051	0.051	600 Read#9
B	0.066	0.069	0.068	0.067	0.071	0.069	0.086	0.069	0.083	0.054	0.068	0.067	600 Read#9
C	0.044	0.043	0.044	0.045	0.045	0.046	0.049	0.045	0.053	0.060	0.046	0.051	600 Read#9
D	0.043	0.044	0.045	0.047	0.051	0.046	0.047	0.047	0.046	0.047	0.046	0.047	600 Read#9
E	0.043	0.044	0.044	0.045	0.045	0.046	0.050	0.044	0.047	0.047	0.050	0.046	600 Read#9
F	0.043	0.043	0.044	0.045	0.044	0.046	0.047	0.044	0.046	0.047	0.047	0.046	600 Read#9
G	0.066	0.070	0.068	0.069	0.071	0.068	0.068	0.069	0.069	0.071	0.068	0.067	600 Read#9
H	0.050	0.050	0.050	0.050	0.051	0.050	0.051	0.051	0.051	0.051	0.051	0.051	600 Read#9

600
Kinetic read 10 (3:19:29)
	1	2	3	4	5	6	7	8	9	10	11	12
A	0.049	0.049	0.049	0.049	0.050	0.049	0.050	0.070	0.052	0.050	0.051	0.051	600 Read#10
B	0.070	0.073	0.071	0.070	0.075	0.072	0.092	0.072	0.089	0.054	0.071	0.069	600 Read#10
C	0.044	0.043	0.044	0.045	0.045	0.046	0.049	0.045	0.053	0.060	0.046	0.051	600 Read#10
D	0.043	0.044	0.045	0.047	0.052	0.046	0.047	0.047	0.046	0.047	0.047	0.047	600 Read#10
E	0.043	0.044	0.044	0.045	0.045	0.046	0.050	0.045	0.047	0.047	0.050	0.046	600 Read#10
F	0.043	0.043	0.044	0.045	0.044	0.046	0.047	0.045	0.046	0.047	0.047	0.046	600 Read#10
G	0.069	0.074	0.072	0.073	0.075	0.071	0.071	0.073	0.073	0.074	0.072	0.070	600 Read#10
H	0.050	0.050	0.050	0.050	0.051	0.051	0.051	0.051	0.051	0.051	0.051	0.051	600 Read#10

600
Kinetic read 11 (3:39:29)
	1	2	3	4	5	6	7	8	9	10	11	12
A	0.049	0.049	0.049	0.050	0.050	0.049	0.050	0.075	0.052	0.050	0.051	0.051	600 Read#11
B	0.074	0.077	0.076	0.074	0.080	0.077	0.101	0.077	0.097	0.054	0.075	0.073	600 Read#11
C	0.044	0.043	0.045	0.045	0.045	0.046	0.049	0.045	0.053	0.060	0.046	0.051	600 Read#11
D	0.043	0.044	0.045	0.047	0.052	0.046	0.047	0.047	0.047	0.047	0.047	0.047	600 Read#11
E	0.043	0.044	0.044	0.045	0.045	0.046	0.050	0.045	0.047	0.047	0.050	0.045	600 Read#11
F	0.043	0.043	0.044	0.045	0.044	0.046	0.047	0.045	0.046	0.047	0.047	0.046	600 Read#11
G	0.073	0.079	0.076	0.077	0.080	0.075	0.076	0.077	0.077	0.078	0.076	0.074	600 Read#11
H	0.050	0.050	0.050	0.050	0.051	0.051	0.051	0.051	0.051	0.051	0.051	0.051	600 Read#11

600
Kinetic read 12 (3:59:29)
	1	2	3	4	5	6	7	8	9	10	11	12
A	0.049	0.050	0.050	0.050	0.050	0.050	0.050	0.080	0.052	0.051	0.051	0.051	600 Read#12
B	0.079	0.084	0.081	0.080	0.086	0.083	0.111	0.082	0.107	0.055	0.081	0.077	600 Read#12
C	0.044	0.044	0.045	0.046	0.045	0.046	0.049	0.045	0.053	0.060	0.046	0.051	600 Read#12
D	0.043	0.044	0.045	0.047	0.052	0.046	0.047	0.048	0.047	0.047	0.047	0.047	600 Read#12
E	0.043	0.044	0.045	0.045	0.045	0.046	0.050	0.045	0.048	0.047	0.050	0.046	600 Read#12
F	0.043	0.043	0.045	0.045	0.044	0.046	0.047	0.045	0.046	0.047	0.047	0.046	600 Read#12
G	0.079	0.086	0.082	0.083	0.086	0.080	0.081	0.083	0.083	0.083	0.081	0.079	600 Read#12
H	0.050	0.050	0.050	0.050	0.051	0.051	0.051	0.051	0.051	0.051	0.051	0.051	600 Read#12

600
Kinetic read 13 (4:19:29)
	1	2	3	4	5	6	7	8	9	10	11	12
A	0.049	0.049	0.049	0.049	0.050	0.049	0.050	0.086	0.052	0.050	0.051	0.051	600 Read#13
B	0.086	0.090	0.087	0.086	0.094	0.090	0.124	0.089	0.119	0.054	0.085	0.082	600 Read#13
C	0.044	0.043	0.044	0.045	0.045	0.046	0.049	0.045	0.053	0.060	0.046	0.051	600 Read#13
D	0.043	0.044	0.045	0.047	0.052	0.046	0.047	0.047	0.046	0.047	0.046	0.047	600 Read#13
E	0.043	0.044	0.044	0.045	0.045	0.046	0.050	0.044	0.047	0.047	0.050	0.046	600 Read#13
F	0.043	0.043	0.044	0.045	0.044	0.046	0.047	0.045	0.046	0.047	0.047	0.046	600 Read#13
G	0.085	0.093	0.089	0.090	0.094	0.086	0.087	0.090	0.089	0.090	0.087	0.085	600 Read#13
H	0.050	0.050	0.050	0.050	0.050	0.051	0.051	0.050	0.051	0.051	0.051	0.051	600 Read#13

600
Kinetic read 14 (4:39:29)
	1	2	3	4	5	6	7	8	9	10	11	12
A	0.049	0.049	0.049	0.050	0.050	0.050	0.050	0.094	0.052	0.050	0.051	0.051	600 Read#14
B	0.095	0.099	0.095	0.094	0.104	0.098	0.139	0.097	0.133	0.055	0.092	0.089	600 Read#14
C	0.044	0.043	0.045	0.045	0.045	0.046	0.049	0.045	0.053	0.060	0.046	0.051	600 Read#14
D	0.043	0.044	0.045	0.047	0.052	0.046	0.047	0.047	0.047	0.047	0.047	0.047	600 Read#14
E	0.043	0.044	0.045	0.045	0.045	0.046	0.050	0.045	0.048	0.047	0.050	0.046	600 Read#14
F	0.043	0.043	0.045	0.045	0.044	0.046	0.047	0.045	0.046	0.047	0.047	0.046	600 Read#14
G	0.093	0.102	0.097	0.099	0.104	0.094	0.096	0.099	0.098	0.097	0.095	0.093	600 Read#14
H	0.050	0.050	0.050	0.051	0.051	0.051	0.051	0.051	0.051	0.051	0.051	0.051	600 Read#14

600
Kinetic read 15 (4:59:29)
	1	2	3	4	5	6	7	8	9	10	11	12
A	0.049	0.049	0.049	0.050	0.050	0.049	0.050	0.103	0.052	0.050	0.051	0.051	600 Read#15
B	0.105	0.109	0.105	0.102	0.115	0.109	0.158	0.107	0.150	0.055	0.100	0.097	600 Read#15
C	0.044	0.043	0.045	0.045	0.045	0.046	0.049	0.045	0.053	0.060	0.046	0.051	600 Read#15
D	0.043	0.044	0.045	0.047	0.052	0.046	0.047	0.047	0.047	0.047	0.047	0.047	600 Read#15
E	0.043	0.044	0.045	0.045	0.045	0.046	0.050	0.045	0.047	0.047	0.050	0.046	600 Read#15
F	0.043	0.043	0.045	0.045	0.044	0.046	0.047	0.045	0.046	0.047	0.047	0.046	600 Read#15
G	0.102	0.114	0.107	0.110	0.115	0.103	0.106	0.109	0.108	0.107	0.105	0.102	600 Read#15
H	0.050	0.050	0.050	0.051	0.051	0.051	0.051	0.051	0.051	0.051	0.051	0.051	600 Read#15

600
Kinetic read 16 (5:19:29)
	1	2	3	4	5	6	7	8	9	10	11	12
A	0.049	0.049	0.049	0.049	0.050	0.050	0.050	0.115	0.052	0.050	0.051	0.051	600 Read#16
B	0.117	0.122	0.117	0.114	0.129	0.121	0.180	0.119	0.173	0.055	0.110	0.107	600 Read#16
C	0.044	0.043	0.045	0.046	0.045	0.046	0.049	0.045	0.053	0.060	0.046	0.051	600 Read#16
D	0.043	0.044	0.045	0.047	0.052	0.046	0.047	0.048	0.047	0.047	0.047	0.047	600 Read#16
E	0.043	0.044	0.045	0.045	0.045	0.046	0.050	0.045	0.047	0.047	0.050	0.046	600 Read#16
F	0.043	0.043	0.045	0.045	0.044	0.046	0.047	0.045	0.046	0.047	0.047	0.046	600 Read#16
G	0.113	0.127	0.120	0.122	0.129	0.114	0.117	0.121	0.120	0.118	0.116	0.112	600 Read#16
H	0.050	0.050	0.050	0.050	0.051	0.051	0.051	0.051	0.051	0.051	0.051	0.051	600 Read#16

600
Kinetic read 17 (5:39:29)
	1	2	3	4	5	6	7	8	9	10	11	12
A	0.049	0.049	0.049	0.049	0.050	0.049	0.050	0.129	0.052	0.050	0.051	0.051	600 Read#17
B	0.131	0.136	0.130	0.127	0.145	0.135	0.207	0.134	0.196	0.056	0.122	0.118	600 Read#17
C	0.044	0.043	0.044	0.045	0.045	0.046	0.049	0.045	0.053	0.060	0.046	0.051	600 Read#17
D	0.043	0.044	0.045	0.047	0.052	0.046	0.047	0.047	0.046	0.047	0.047	0.047	600 Read#17
E	0.043	0.044	0.045	0.045	0.045	0.046	0.050	0.045	0.047	0.047	0.050	0.046	600 Read#17
F	0.043	0.043	0.044	0.045	0.044	0.046	0.047	0.045	0.046	0.047	0.047	0.046	600 Read#17
G	0.126	0.142	0.133	0.137	0.145	0.127	0.131	0.136	0.134	0.131	0.129	0.125	600 Read#17
H	0.050	0.050	0.050	0.050	0.050	0.050	0.050	0.051	0.051	0.051	0.051	0.051	600 Read#17

600
Kinetic read 18 (5:59:29)
	1	2	3	4	5	6	7	8	9	10	11	12
A	0.049	0.049	0.049	0.049	0.050	0.049	0.050	0.145	0.052	0.050	0.051	0.051	600 Read#18
B	0.148	0.153	0.147	0.142	0.164	0.153	0.239	0.151	0.225	0.056	0.136	0.132	600 Read#18
C	0.044	0.044	0.044	0.045	0.045	0.046	0.049	0.045	0.053	0.060	0.046	0.051	600 Read#18
D	0.043	0.044	0.045	0.047	0.052	0.046	0.047	0.047	0.047	0.047	0.047	0.047	600 Read#18
E	0.043	0.044	0.045	0.045	0.045	0.046	0.050	0.044	0.047	0.047	0.050	0.046	600 Read#18
F	0.043	0.043	0.045	0.045	0.044	0.046	0.047	0.045	0.046	0.047	0.047	0.046	600 Read#18
G	0.141	0.162	0.150	0.156	0.165	0.143	0.147	0.153	0.151	0.146	0.145	0.141	600 Read#18
H	0.050	0.050	0.050	0.050	0.051	0.051	0.050	0.051	0.051	0.051	0.051	0.051	600 Read#18

600
Kinetic read 19 (6:19:29)
	1	2	3	4	5	6	7	8	9	10	11	12
A	0.049	0.049	0.049	0.049	0.050	0.049	0.050	0.166	0.052	0.050	0.051	0.051	600 Read#19
B	0.170	0.175	0.167	0.161	0.188	0.174	0.276	0.172	0.262	0.057	0.156	0.149	600 Read#19
C	0.044	0.043	0.045	0.045	0.045	0.046	0.049	0.045	0.053	0.060	0.046	0.051	600 Read#19
D	0.043	0.044	0.045	0.047	0.052	0.046	0.047	0.047	0.047	0.047	0.047	0.047	600 Read#19
E	0.043	0.044	0.045	0.045	0.045	0.046	0.050	0.045	0.048	0.047	0.050	0.046	600 Read#19
F	0.043	0.043	0.044	0.045	0.044	0.046	0.047	0.045	0.046	0.047	0.047	0.046	600 Read#19
G	0.161	0.186	0.173	0.178	0.189	0.163	0.168	0.175	0.172	0.166	0.165	0.158	600 Read#19
H	0.050	0.051	0.050	0.050	0.050	0.051	0.051	0.051	0.051	0.051	0.051	0.051	600 Read#19

600
Kinetic read 20 (6:39:29)
	1	2	3	4	5	6	7	8	9	10	11	12
A	0.049	0.049	0.049	0.049	0.050	0.049	0.049	0.190	0.052	0.050	0.051	0.051	600 Read#20
B	0.197	0.200	0.191	0.184	0.216	0.200	0.314	0.197	0.300	0.057	0.175	0.169	600 Read#20
C	0.044	0.044	0.045	0.045	0.045	0.046	0.049	0.045	0.053	0.060	0.046	0.051	600 Read#20
D	0.043	0.044	0.045	0.047	0.052	0.046	0.047	0.047	0.047	0.047	0.047	0.047	600 Read#20
E	0.043	0.044	0.045	0.045	0.045	0.046	0.050	0.044	0.047	0.047	0.050	0.046	600 Read#20
F	0.043	0.043	0.045	0.045	0.044	0.046	0.047	0.045	0.046	0.047	0.047	0.046	600 Read#20
G	0.185	0.215	0.198	0.206	0.220	0.188	0.193	0.201	0.198	0.189	0.189	0.181	600 Read#20
H	0.050	0.050	0.050	0.050	0.050	0.051	0.050	0.051	0.051	0.051	0.050	0.051	600 Read#20

600
Kinetic read 21 (6:59:29)
	1	2	3	4	5	6	7	8	9	10	11	12
A	0.049	0.049	0.049	0.049	0.050	0.049	0.050	0.218	0.052	0.050	0.051	0.051	600 Read#21
B	0.230	0.232	0.220	0.213	0.249	0.232	0.351	0.227	0.338	0.058	0.200	0.194	600 Read#21
C	0.044	0.043	0.045	0.045	0.045	0.046	0.049	0.045	0.053	0.060	0.046	0.051	600 Read#21
D	0.043	0.044	0.045	0.047	0.052	0.046	0.047	0.047	0.047	0.047	0.046	0.047	600 Read#21
E	0.043	0.044	0.045	0.045	0.045	0.046	0.050	0.045	0.047	0.047	0.050	0.046	600 Read#21
F	0.043	0.043	0.044	0.045	0.044	0.046	0.047	0.044	0.046	0.047	0.047	0.046	600 Read#21
G	0.216	0.250	0.229	0.240	0.257	0.217	0.224	0.233	0.230	0.218	0.219	0.209	600 Read#21
H	0.050	0.050	0.050	0.050	0.050	0.050	0.050	0.050	0.051	0.051	0.050	0.051	600 Read#21

600
Kinetic read 22 (7:19:29)
	1	2	3	4	5	6	7	8	9	10	11	12
A	0.048	0.049	0.049	0.049	0.050	0.049	0.049	0.253	0.052	0.050	0.051	0.051	600 Read#22
B	0.272	0.268	0.254	0.247	0.285	0.267	0.387	0.261	0.370	0.059	0.231	0.224	600 Read#22
C	0.044	0.043	0.045	0.045	0.045	0.046	0.049	0.045	0.053	0.060	0.046	0.051	600 Read#22
D	0.043	0.044	0.045	0.047	0.052	0.046	0.047	0.047	0.047	0.047	0.047	0.047	600 Read#22
E	0.043	0.044	0.044	0.045	0.045	0.046	0.050	0.045	0.047	0.047	0.050	0.046	600 Read#22
F	0.043	0.043	0.045	0.045	0.044	0.046	0.047	0.045	0.046	0.047	0.047	0.046	600 Read#22
G	0.250	0.287	0.264	0.279	0.297	0.252	0.259	0.269	0.268	0.252	0.254	0.241	600 Read#22
H	0.050	0.051	0.050	0.050	0.050	0.050	0.050	0.050	0.051	0.051	0.050	0.051	600 Read#22

600
Kinetic read 23 (7:39:29)
	1	2	3	4	5	6	7	8	9	10	11	12
A	0.049	0.049	0.049	0.049	0.050	0.049	0.049	0.287	0.052	0.050	0.051	0.051	600 Read#23
B	0.318	0.303	0.289	0.284	0.321	0.303	0.420	0.296	0.399	0.061	0.265	0.259	600 Read#23
C	0.044	0.043	0.045	0.046	0.045	0.046	0.049	0.045	0.053	0.060	0.046	0.051	600 Read#23
D	0.043	0.044	0.045	0.047	0.052	0.046	0.047	0.048	0.047	0.047	0.047	0.047	600 Read#23
E	0.043	0.044	0.045	0.045	0.045	0.046	0.050	0.045	0.048	0.047	0.050	0.046	600 Read#23
F	0.043	0.043	0.045	0.045	0.044	0.046	0.047	0.045	0.046	0.047	0.047	0.046	600 Read#23
G	0.284	0.323	0.300	0.319	0.334	0.290	0.297	0.305	0.304	0.288	0.288	0.274	600 Read#23
H	0.050	0.050	0.050	0.050	0.051	0.051	0.051	0.051	0.051	0.051	0.051	0.051	600 Read#23

600
Kinetic read 24 (7:59:29)
	1	2	3	4	5	6	7	8	9	10	11	12
A	0.048	0.049	0.049	0.049	0.050	0.049	0.049	0.320	0.052	0.050	0.051	0.051	600 Read#24
B	0.356	0.337	0.323	0.320	0.354	0.338	0.450	0.333	0.436	0.062	0.302	0.291	600 Read#24
C	0.044	0.043	0.045	0.045	0.045	0.046	0.049	0.045	0.053	0.060	0.046	0.051	600 Read#24
D	0.043	0.044	0.045	0.047	0.052	0.046	0.047	0.047	0.046	0.047	0.046	0.047	600 Read#24
E	0.043	0.044	0.044	0.045	0.045	0.046	0.050	0.044	0.047	0.047	0.050	0.046	600 Read#24
F	0.043	0.043	0.045	0.045	0.044	0.046	0.047	0.045	0.046	0.047	0.047	0.046	600 Read#24
G	0.321	0.359	0.338	0.356	0.372	0.327	0.332	0.338	0.338	0.320	0.323	0.305	600 Read#24
H	0.050	0.050	0.050	0.050	0.050	0.050	0.050	0.050	0.050	0.051	0.050	0.051	600 Read#24

600
Kinetic read 25 (8:19:29)
	1	2	3	4	5	6	7	8	9	10	11	12
A	0.049	0.049	0.049	0.049	0.050	0.049	0.049	0.354	0.052	0.050	0.051	0.051	600 Read#25
B	0.394	0.370	0.359	0.358	0.389	0.374	0.480	0.367	0.467	0.064	0.338	0.323	600 Read#25
C	0.044	0.043	0.044	0.045	0.045	0.046	0.049	0.045	0.053	0.060	0.046	0.051	600 Read#25
D	0.043	0.044	0.045	0.047	0.052	0.046	0.047	0.048	0.046	0.047	0.046	0.047	600 Read#25
E	0.043	0.044	0.045	0.045	0.045	0.046	0.050	0.045	0.047	0.047	0.050	0.046	600 Read#25
F	0.043	0.043	0.044	0.045	0.044	0.046	0.047	0.045	0.046	0.047	0.047	0.046	600 Read#25
G	0.357	0.394	0.374	0.393	0.408	0.362	0.367	0.373	0.372	0.352	0.355	0.335	600 Read#25
H	0.050	0.050	0.050	0.050	0.050	0.050	0.050	0.050	0.052	0.051	0.050	0.051	600 Read#25

600
Kinetic read 26 (8:39:29)
	1	2	3	4	5	6	7	8	9	10	11	12
A	0.049	0.049	0.049	0.049	0.050	0.049	0.049	0.385	0.052	0.050	0.051	0.051	600 Read#26
B	0.430	0.401	0.396	0.393	0.419	0.407	0.507	0.398	0.495	0.066	0.370	0.350	600 Read#26
C	0.044	0.044	0.045	0.045	0.045	0.046	0.049	0.045	0.053	0.060	0.046	0.051	600 Read#26
D	0.043	0.044	0.045	0.047	0.052	0.046	0.047	0.048	0.047	0.047	0.047	0.047	600 Read#26
E	0.043	0.044	0.045	0.045	0.045	0.046	0.050	0.045	0.047	0.047	0.050	0.046	600 Read#26
F	0.043	0.043	0.045	0.045	0.044	0.046	0.047	0.045	0.046	0.047	0.047	0.046	600 Read#26
G	0.392	0.426	0.406	0.427	0.442	0.395	0.399	0.405	0.404	0.384	0.384	0.360	600 Read#26
H	0.050	0.050	0.050	0.050	0.050	0.051	0.050	0.050	0.051	0.051	0.050	0.051	600 Read#26

600
Kinetic read 27 (8:59:29)
	1	2	3	4	5	6	7	8	9	10	11	12
A	0.048	0.049	0.049	0.049	0.050	0.049	0.049	0.414	0.051	0.050	0.050	0.051	600 Read#27
B	0.462	0.431	0.425	0.424	0.443	0.433	0.532	0.422	0.521	0.068	0.400	0.376	600 Read#27
C	0.044	0.043	0.044	0.045	0.045	0.046	0.049	0.045	0.053	0.060	0.046	0.051	600 Read#27
D	0.043	0.044	0.045	0.047	0.052	0.046	0.047	0.047	0.046	0.047	0.046	0.047	600 Read#27
E	0.043	0.044	0.045	0.045	0.045	0.046	0.050	0.044	0.047	0.047	0.050	0.046	600 Read#27
F	0.043	0.043	0.045	0.045	0.044	0.046	0.047	0.045	0.046	0.047	0.047	0.046	600 Read#27
G	0.424	0.453	0.435	0.457	0.469	0.423	0.433	0.436	0.433	0.410	0.413	0.391	600 Read#27
H	0.050	0.050	0.050	0.050	0.050	0.050	0.050	0.050	0.050	0.051	0.050	0.051	600 Read#27

600
Kinetic read 28 (9:19:29)
	1	2	3	4	5	6	7	8	9	10	11	12
A	0.049	0.049	0.049	0.049	0.050	0.049	0.049	0.441	0.052	0.051	0.050	0.051	600 Read#28
B	0.491	0.463	0.455	0.455	0.471	0.457	0.552	0.452	0.547	0.072	0.428	0.405	600 Read#28
C	0.044	0.044	0.045	0.046	0.045	0.046	0.049	0.045	0.053	0.060	0.046	0.051	600 Read#28
D	0.043	0.044	0.045	0.047	0.052	0.046	0.047	0.047	0.047	0.047	0.047	0.047	600 Read#28
E	0.043	0.044	0.045	0.045	0.045	0.046	0.050	0.045	0.048	0.047	0.050	0.046	600 Read#28
F	0.043	0.043	0.045	0.045	0.044	0.046	0.047	0.045	0.046	0.047	0.047	0.046	600 Read#28
G	0.451	0.480	0.462	0.483	0.497	0.449	0.459	0.464	0.461	0.438	0.441	0.416	600 Read#28
H	0.050	0.050	0.050	0.050	0.050	0.051	0.050	0.050	0.051	0.051	0.050	0.051	600 Read#28

600
Kinetic read 29 (9:39:29)
	1	2	3	4	5	6	7	8	9	10	11	12
A	0.048	0.049	0.049	0.049	0.050	0.049	0.049	0.460	0.051	0.050	0.050	0.051	600 Read#29
B	0.522	0.490	0.476	0.481	0.489	0.481	0.574	0.473	0.568	0.075	0.457	0.420	600 Read#29
C	0.044	0.043	0.044	0.045	0.045	0.046	0.049	0.045	0.053	0.060	0.046	0.051	600 Read#29
D	0.043	0.044	0.045	0.047	0.052	0.046	0.047	0.047	0.047	0.047	0.047	0.047	600 Read#29
E	0.043	0.044	0.045	0.045	0.045	0.046	0.050	0.045	0.048	0.047	0.050	0.046	600 Read#29
F	0.043	0.043	0.045	0.045	0.044	0.046	0.047	0.045	0.046	0.047	0.047	0.046	600 Read#29
G	0.478	0.504	0.487	0.506	0.512	0.476	0.484	0.486	0.486	0.462	0.465	0.437	600 Read#29
H	0.050	0.051	0.050	0.050	0.050	0.050	0.050	0.050	0.051	0.051	0.050	0.051	600 Read#29

600
Kinetic read 30 (9:59:29)
	1	2	3	4	5	6	7	8	9	10	11	12
A	0.048	0.048	0.049	0.049	0.049	0.049	0.049	0.486	0.051	0.050	0.050	0.050	600 Read#30
B	0.549	0.513	0.499	0.509	0.515	0.501	0.595	0.498	0.595	0.080	0.486	0.445	600 Read#30
C	0.044	0.043	0.044	0.045	0.045	0.046	0.049	0.045	0.053	0.060	0.046	0.051	600 Read#30
D	0.043	0.044	0.045	0.047	0.052	0.046	0.047	0.047	0.046	0.047	0.046	0.047	600 Read#30
E	0.043	0.044	0.045	0.045	0.045	0.046	0.050	0.044	0.047	0.047	0.050	0.046	600 Read#30
F	0.043	0.043	0.044	0.045	0.044	0.046	0.047	0.045	0.046	0.047	0.047	0.046	600 Read#30
G	0.500	0.530	0.512	0.532	0.539	0.498	0.512	0.514	0.511	0.487	0.488	0.460	600 Read#30
H	0.049	0.050	0.050	0.050	0.050	0.050	0.050	0.050	0.050	0.051	0.050	0.051	600 Read#30

600
Kinetic read 31 (10:19:29)
	1	2	3	4	5	6	7	8	9	10	11	12
A	0.048	0.048	0.049	0.048	0.049	0.049	0.049	0.511	0.051	0.050	0.050	0.050	600 Read#31
B	0.576	0.537	0.523	0.532	0.534	0.517	0.611	0.522	0.617	0.085	0.507	0.467	600 Read#31
C	0.044	0.043	0.045	0.045	0.045	0.046	0.049	0.045	0.053	0.060	0.046	0.051	600 Read#31
D	0.043	0.044	0.045	0.047	0.052	0.046	0.047	0.047	0.047	0.047	0.046	0.047	600 Read#31
E	0.043	0.044	0.044	0.045	0.045	0.046	0.050	0.044	0.047	0.047	0.050	0.046	600 Read#31
F	0.043	0.043	0.045	0.045	0.044	0.046	0.047	0.044	0.046	0.047	0.047	0.046	600 Read#31
G	0.521	0.552	0.535	0.558	0.560	0.527	0.531	0.536	0.534	0.509	0.509	0.482	600 Read#31
H	0.049	0.050	0.050	0.050	0.050	0.050	0.050	0.050	0.050	0.051	0.050	0.051	600 Read#31

600
Kinetic read 32 (10:39:29)
	1	2	3	4	5	6	7	8	9	10	11	12
A	0.048	0.049	0.049	0.049	0.050	0.049	0.049	0.528	0.052	0.050	0.050	0.050	600 Read#32
B	0.603	0.553	0.542	0.549	0.557	0.538	0.638	0.551	0.639	0.091	0.527	0.489	600 Read#32
C	0.044	0.043	0.045	0.046	0.045	0.046	0.049	0.045	0.053	0.060	0.046	0.051	600 Read#32
D	0.043	0.044	0.045	0.047	0.052	0.046	0.047	0.048	0.047	0.047	0.047	0.047	600 Read#32
E	0.043	0.044	0.045	0.045	0.045	0.046	0.050	0.045	0.047	0.047	0.050	0.046	600 Read#32
F	0.043	0.043	0.045	0.045	0.044	0.046	0.047	0.045	0.046	0.047	0.047	0.046	600 Read#32
G	0.545	0.573	0.558	0.582	0.586	0.550	0.559	0.561	0.559	0.537	0.532	0.500	600 Read#32
H	0.050	0.050	0.050	0.050	0.050	0.050	0.050	0.051	0.051	0.051	0.050	0.051	600 Read#32

600
Kinetic read 33 (10:59:29)
	1	2	3	4	5	6	7	8	9	10	11	12
A	0.048	0.048	0.048	0.048	0.049	0.049	0.049	0.545	0.051	0.050	0.050	0.050	600 Read#33
B	0.628	0.572	0.563	0.569	0.575	0.551	0.648	0.572	0.659	0.098	0.591	0.512	600 Read#33
C	0.044	0.043	0.044	0.045	0.045	0.046	0.049	0.045	0.053	0.060	0.046	0.051	600 Read#33
D	0.043	0.044	0.044	0.047	0.052	0.046	0.047	0.047	0.047	0.047	0.046	0.047	600 Read#33
E	0.043	0.044	0.044	0.045	0.045	0.046	0.050	0.044	0.047	0.047	0.050	0.046	600 Read#33
F	0.043	0.043	0.044	0.045	0.044	0.046	0.047	0.044	0.046	0.047	0.047	0.046	600 Read#33
G	0.568	0.595	0.579	0.603	0.604	0.574	0.578	0.581	0.582	0.554	0.555	0.526	600 Read#33
H	0.049	0.050	0.050	0.050	0.050	0.050	0.050	0.050	0.050	0.051	0.050	0.050	600 Read#33

600
Kinetic read 34 (11:19:29)
	1	2	3	4	5	6	7	8	9	10	11	12
A	0.048	0.048	0.048	0.048	0.049	0.049	0.049	0.562	0.051	0.050	0.050	0.050	600 Read#34
B	0.646	0.589	0.583	0.595	0.596	0.570	0.666	0.589	0.675	0.107	0.558	0.525	600 Read#34
C	0.044	0.043	0.045	0.045	0.045	0.046	0.049	0.045	0.053	0.060	0.046	0.051	600 Read#34
D	0.043	0.044	0.045	0.047	0.052	0.046	0.047	0.047	0.046	0.047	0.046	0.047	600 Read#34
E	0.043	0.044	0.045	0.045	0.045	0.046	0.050	0.045	0.047	0.047	0.050	0.046	600 Read#34
F	0.043	0.043	0.045	0.045	0.044	0.046	0.047	0.045	0.046	0.047	0.047	0.046	600 Read#34
G	0.586	0.616	0.600	0.621	0.631	0.596	0.592	0.608	0.605	0.569	0.575	0.548	600 Read#34
H	0.050	0.050	0.050	0.050	0.050	0.050	0.050	0.050	0.050	0.051	0.050	0.050	600 Read#34

600
Kinetic read 35 (11:39:29)
	1	2	3	4	5	6	7	8	9	10	11	12
A	0.048	0.048	0.049	0.049	0.049	0.049	0.049	0.583	0.051	0.050	0.050	0.050	600 Read#35
B	0.670	0.609	0.597	0.609	0.612	0.590	0.680	0.612	0.689	0.118	0.592	0.552	600 Read#35
C	0.044	0.043	0.045	0.045	0.045	0.046	0.049	0.045	0.053	0.060	0.046	0.051	600 Read#35
D	0.043	0.044	0.045	0.047	0.052	0.046	0.047	0.047	0.047	0.047	0.047	0.047	600 Read#35
E	0.043	0.044	0.045	0.045	0.045	0.046	0.050	0.045	0.047	0.047	0.050	0.046	600 Read#35
F	0.043	0.043	0.045	0.045	0.044	0.046	0.047	0.045	0.046	0.047	0.047	0.046	600 Read#35
G	0.606	0.625	0.621	0.642	0.651	0.616	0.616	0.621	0.623	0.588	0.587	0.561	600 Read#35
H	0.050	0.050	0.050	0.050	0.050	0.050	0.050	0.050	0.052	0.051	0.050	0.050	600 Read#35

600
Kinetic read 36 (11:59:29)
	1	2	3	4	5	6	7	8	9	10	11	12
A	0.048	0.048	0.048	0.048	0.049	0.049	0.049	0.604	0.051	0.050	0.050	0.050	600 Read#36
B	0.691	0.634	0.616	0.626	0.636	0.607	0.697	0.633	0.706	0.131	0.613	0.556	600 Read#36
C	0.044	0.043	0.045	0.045	0.045	0.046	0.049	0.045	0.053	0.060	0.046	0.051	600 Read#36
D	0.043	0.044	0.045	0.047	0.052	0.046	0.047	0.047	0.047	0.047	0.047	0.047	600 Read#36
E	0.043	0.044	0.045	0.045	0.045	0.046	0.050	0.045	0.047	0.047	0.050	0.046	600 Read#36
F	0.043	0.043	0.045	0.045	0.044	0.046	0.047	0.045	0.046	0.047	0.047	0.046	600 Read#36
G	0.624	0.637	0.635	0.659	0.673	0.634	0.628	0.637	0.643	0.614	0.618	0.580	600 Read#36
H	0.050	0.050	0.050	0.050	0.050	0.050	0.050	0.050	0.051	0.051	0.050	0.050	600 Read#36

600
Kinetic read 37 (12:19:29)
	1	2	3	4	5	6	7	8	9	10	11	12
A	0.048	0.049	0.048	0.048	0.049	0.048	0.049	0.628	0.051	0.050	0.050	0.050	600 Read#37
B	0.709	0.656	0.630	0.645	0.659	0.627	0.710	0.644	0.719	0.145	0.618	0.583	600 Read#37
C	0.044	0.043	0.045	0.045	0.045	0.046	0.049	0.045	0.053	0.060	0.046	0.051	600 Read#37
D	0.043	0.044	0.045	0.047	0.052	0.046	0.047	0.048	0.047	0.047	0.047	0.047	600 Read#37
E	0.043	0.044	0.045	0.045	0.045	0.046	0.050	0.045	0.048	0.047	0.050	0.046	600 Read#37
F	0.043	0.043	0.045	0.045	0.044	0.046	0.047	0.045	0.046	0.047	0.047	0.046	600 Read#37
G	0.646	0.655	0.657	0.673	0.686	0.651	0.650	0.659	0.660	0.627	0.630	0.592	600 Read#37
H	0.049	0.050	0.050	0.050	0.050	0.050	0.050	0.050	0.050	0.051	0.050	0.051	600 Read#37

600
Kinetic read 38 (12:39:29)
	1	2	3	4	5	6	7	8	9	10	11	12
A	0.048	0.048	0.048	0.048	0.049	0.048	0.049	0.633	0.051	0.050	0.050	0.050	600 Read#38
B	0.731	0.667	0.654	0.661	0.674	0.650	0.730	0.662	0.740	0.163	0.642	0.616	600 Read#38
C	0.044	0.043	0.045	0.046	0.045	0.046	0.049	0.045	0.053	0.060	0.046	0.051	600 Read#38
D	0.043	0.044	0.045	0.047	0.052	0.046	0.047	0.048	0.047	0.047	0.047	0.047	600 Read#38
E	0.043	0.044	0.045	0.045	0.045	0.046	0.050	0.045	0.048	0.047	0.050	0.046	600 Read#38
F	0.043	0.043	0.045	0.045	0.044	0.046	0.047	0.045	0.046	0.047	0.047	0.046	600 Read#38
G	0.665	0.665	0.668	0.691	0.703	0.678	0.670	0.664	0.675	0.641	0.636	0.626	600 Read#38
H	0.050	0.050	0.050	0.050	0.050	0.050	0.050	0.050	0.051	0.051	0.050	0.050	600 Read#38

600
Kinetic read 39 (12:59:29)
	1	2	3	4	5	6	7	8	9	10	11	12
A	0.048	0.048	0.048	0.048	0.049	0.048	0.048	0.647	0.051	0.050	0.050	0.050	600 Read#39
B	0.746	0.669	0.663	0.672	0.697	0.664	0.739	0.666	0.747	0.183	0.652	0.611	600 Read#39
C	0.044	0.043	0.045	0.045	0.045	0.046	0.049	0.045	0.053	0.060	0.046	0.051	600 Read#39
D	0.043	0.044	0.045	0.047	0.052	0.046	0.047	0.047	0.047	0.047	0.047	0.047	600 Read#39
E	0.043	0.044	0.044	0.045	0.045	0.046	0.050	0.045	0.047	0.047	0.050	0.046	600 Read#39
F	0.043	0.043	0.045	0.045	0.044	0.046	0.047	0.045	0.046	0.047	0.047	0.046	600 Read#39
G	0.676	0.678	0.681	0.706	0.716	0.696	0.686	0.681	0.684	0.656	0.646	0.623	600 Read#39
H	0.049	0.050	0.050	0.050	0.050	0.050	0.050	0.050	0.050	0.050	0.050	0.050	600 Read#39

600
Kinetic read 40 (13:19:29)
	1	2	3	4	5	6	7	8	9	10	11	12
A	0.048	0.048	0.048	0.048	0.049	0.048	0.048	0.662	0.051	0.050	0.050	0.050	600 Read#40
B	0.766	0.675	0.669	0.691	0.699	0.663	0.755	0.681	0.760	0.207	0.671	0.619	600 Read#40
C	0.044	0.043	0.045	0.045	0.045	0.046	0.049	0.045	0.053	0.060	0.046	0.051	600 Read#40
D	0.043	0.043	0.045	0.047	0.052	0.046	0.047	0.047	0.047	0.047	0.047	0.047	600 Read#40
E	0.043	0.044	0.045	0.045	0.045	0.046	0.050	0.045	0.048	0.047	0.050	0.046	600 Read#40
F	0.043	0.043	0.045	0.045	0.044	0.046	0.047	0.045	0.046	0.047	0.047	0.046	600 Read#40
G	0.685	0.694	0.700	0.725	0.730	0.711	0.701	0.691	0.693	0.679	0.672	0.643	600 Read#40
H	0.049	0.050	0.050	0.050	0.050	0.050	0.050	0.050	0.050	0.051	0.050	0.050	600 Read#40

600
Kinetic read 41 (13:39:29)
	1	2	3	4	5	6	7	8	9	10	11	12
A	0.048	0.048	0.048	0.048	0.049	0.048	0.048	0.664	0.051	0.049	0.050	0.050	600 Read#41
B	0.780	0.693	0.681	0.701	0.718	0.682	0.763	0.693	0.763	0.236	0.682	0.630	600 Read#41
C	0.044	0.044	0.045	0.046	0.045	0.046	0.049	0.045	0.053	0.060	0.046	0.051	600 Read#41
D	0.043	0.044	0.045	0.047	0.052	0.046	0.047	0.048	0.047	0.047	0.047	0.047	600 Read#41
E	0.043	0.044	0.045	0.045	0.045	0.046	0.050	0.045	0.047	0.047	0.050	0.046	600 Read#41
F	0.043	0.043	0.045	0.045	0.044	0.046	0.047	0.045	0.046	0.047	0.047	0.046	600 Read#41
G	0.697	0.702	0.710	0.740	0.745	0.724	0.714	0.718	0.701	0.689	0.683	0.657	600 Read#41
H	0.050	0.050	0.050	0.050	0.050	0.050	0.050	0.050	0.050	0.051	0.050	0.050	600 Read#41

600
Kinetic read 42 (13:59:29)
	1	2	3	4	5	6	7	8	9	10	11	12
A	0.048	0.048	0.048	0.048	0.049	0.048	0.048	0.672	0.051	0.049	0.050	0.050	600 Read#42
B	0.797	0.697	0.697	0.711	0.737	0.684	0.786	0.705	0.776	0.272	0.698	0.645	600 Read#42
C	0.044	0.043	0.045	0.045	0.045	0.046	0.049	0.045	0.053	0.060	0.046	0.051	600 Read#42
D	0.043	0.044	0.045	0.047	0.052	0.046	0.047	0.047	0.047	0.047	0.047	0.047	600 Read#42
E	0.043	0.044	0.045	0.045	0.045	0.046	0.050	0.045	0.047	0.047	0.050	0.046	600 Read#42
F	0.043	0.043	0.045	0.045	0.044	0.046	0.047	0.045	0.046	0.047	0.047	0.046	600 Read#42
G	0.715	0.717	0.729	0.751	0.768	0.738	0.723	0.723	0.714	0.696	0.697	0.673	600 Read#42
H	0.049	0.050	0.050	0.050	0.050	0.050	0.050	0.050	0.050	0.050	0.050	0.050	600 Read#42

600
Kinetic read 43 (14:19:29)
	1	2	3	4	5	6	7	8	9	10	11	12
A	0.047	0.047	0.048	0.048	0.048	0.048	0.048	0.670	0.050	0.049	0.050	0.049	600 Read#43
B	0.815	0.701	0.706	0.734	0.733	0.699	0.798	0.722	0.789	0.313	0.711	0.650	600 Read#43
C	0.044	0.043	0.045	0.045	0.045	0.046	0.049	0.045	0.053	0.060	0.046	0.051	600 Read#43
D	0.043	0.044	0.045	0.047	0.052	0.046	0.047	0.048	0.047	0.047	0.047	0.047	600 Read#43
E	0.043	0.044	0.045	0.045	0.045	0.046	0.050	0.045	0.047	0.047	0.050	0.046	600 Read#43
F	0.043	0.043	0.044	0.045	0.044	0.046	0.047	0.045	0.046	0.047	0.047	0.046	600 Read#43
G	0.722	0.728	0.745	0.757	0.778	0.740	0.733	0.732	0.730	0.707	0.702	0.679	600 Read#43
H	0.050	0.050	0.050	0.050	0.050	0.050	0.050	0.050	0.050	0.050	0.050	0.050	600 Read#43

600
Kinetic read 44 (14:39:29)
	1	2	3	4	5	6	7	8	9	10	11	12
A	0.047	0.047	0.048	0.048	0.049	0.048	0.048	0.677	0.050	0.049	0.049	0.049	600 Read#44
B	0.830	0.708	0.725	0.734	0.733	0.706	0.801	0.715	0.790	0.361	0.723	0.659	600 Read#44
C	0.044	0.043	0.045	0.045	0.045	0.046	0.049	0.045	0.053	0.060	0.046	0.051	600 Read#44
D	0.043	0.044	0.045	0.047	0.052	0.046	0.047	0.048	0.046	0.047	0.047	0.047	600 Read#44
E	0.043	0.044	0.045	0.045	0.045	0.046	0.050	0.045	0.047	0.047	0.050	0.046	600 Read#44
F	0.043	0.043	0.045	0.045	0.044	0.046	0.047	0.045	0.046	0.047	0.047	0.046	600 Read#44
G	0.734	0.738	0.750	0.766	0.773	0.752	0.746	0.736	0.738	0.717	0.712	0.692	600 Read#44
H	0.049	0.049	0.049	0.050	0.050	0.050	0.050	0.050	0.050	0.050	0.050	0.050	600 Read#44

600
Kinetic read 45 (14:59:29)
	1	2	3	4	5	6	7	8	9	10	11	12
A	0.047	0.047	0.048	0.048	0.048	0.048	0.048	0.680	0.050	0.049	0.049	0.049	600 Read#45
B	0.839	0.709	0.733	0.760	0.716	0.714	0.804	0.720	0.794	0.409	0.726	0.678	600 Read#45
C	0.044	0.044	0.045	0.045	0.045	0.046	0.049	0.045	0.053	0.060	0.046	0.051	600 Read#45
D	0.043	0.044	0.045	0.047	0.052	0.046	0.047	0.047	0.047	0.047	0.047	0.047	600 Read#45
E	0.043	0.044	0.045	0.045	0.045	0.046	0.050	0.045	0.048	0.047	0.050	0.046	600 Read#45
F	0.043	0.043	0.045	0.045	0.044	0.046	0.047	0.045	0.046	0.047	0.047	0.046	600 Read#45
G	0.740	0.748	0.759	0.779	0.786	0.751	0.751	0.753	0.748	0.726	0.722	0.701	600 Read#45
H	0.049	0.049	0.050	0.050	0.050	0.050	0.050	0.050	0.050	0.050	0.050	0.050	600 Read#45

600
Kinetic read 46 (15:19:29)
	1	2	3	4	5	6	7	8	9	10	11	12
A	0.047	0.047	0.047	0.048	0.048	0.047	0.048	0.680	0.050	0.049	0.049	0.049	600 Read#46
B	0.840	0.712	0.746	0.768	0.721	0.732	0.812	0.715	0.796	0.455	0.733	0.687	600 Read#46
C	0.044	0.043	0.045	0.045	0.045	0.046	0.049	0.045	0.053	0.060	0.046	0.051	600 Read#46
D	0.043	0.044	0.045	0.047	0.052	0.046	0.047	0.047	0.047	0.047	0.047	0.047	600 Read#46
E	0.043	0.044	0.045	0.045	0.045	0.046	0.050	0.045	0.048	0.047	0.050	0.046	600 Read#46
F	0.043	0.043	0.045	0.045	0.044	0.046	0.047	0.045	0.046	0.047	0.047	0.046	600 Read#46
G	0.747	0.761	0.773	0.794	0.794	0.759	0.761	0.765	0.755	0.744	0.733	0.710	600 Read#46
H	0.049	0.049	0.049	0.050	0.050	0.050	0.050	0.050	0.050	0.050	0.050	0.050	600 Read#46

600
Kinetic read 47 (15:39:29)
	1	2	3	4	5	6	7	8	9	10	11	12
A	0.047	0.047	0.047	0.047	0.048	0.047	0.048	0.695	0.050	0.049	0.049	0.049	600 Read#47
B	0.843	0.723	0.754	0.772	0.749	0.732	0.821	0.721	0.798	0.500	0.741	0.696	600 Read#47
C	0.044	0.043	0.045	0.045	0.045	0.046	0.049	0.045	0.053	0.060	0.046	0.051	600 Read#47
D	0.043	0.044	0.045	0.047	0.052	0.046	0.047	0.047	0.047	0.047	0.047	0.047	600 Read#47
E	0.043	0.044	0.045	0.045	0.045	0.046	0.050	0.045	0.047	0.047	0.050	0.046	600 Read#47
F	0.043	0.043	0.045	0.045	0.044	0.046	0.047	0.045	0.046	0.047	0.047	0.046	600 Read#47
G	0.762	0.772	0.777	0.811	0.802	0.766	0.773	0.772	0.769	0.755	0.739	0.720	600 Read#47
H	0.049	0.049	0.049	0.049	0.050	0.050	0.050	0.050	0.050	0.050	0.050	0.050	600 Read#47

600
Kinetic read 48 (15:59:29)
	1	2	3	4	5	6	7	8	9	10	11	12
A	0.047	0.047	0.047	0.047	0.048	0.047	0.048	0.692	0.050	0.048	0.049	0.049	600 Read#48
B	0.820	0.725	0.757	0.787	0.733	0.726	0.831	0.713	0.800	0.545	0.728	0.703	600 Read#48
C	0.044	0.043	0.045	0.046	0.045	0.046	0.049	0.045	0.053	0.060	0.046	0.051	600 Read#48
D	0.043	0.044	0.045	0.047	0.052	0.046	0.047	0.047	0.047	0.047	0.047	0.047	600 Read#48
E	0.043	0.044	0.045	0.045	0.045	0.046	0.050	0.045	0.047	0.047	0.050	0.046	600 Read#48
F	0.043	0.043	0.044	0.045	0.044	0.046	0.047	0.045	0.046	0.047	0.047	0.046	600 Read#48
G	0.766	0.779	0.774	0.810	0.814	0.779	0.786	0.775	0.777	0.764	0.752	0.725	600 Read#48
H	0.049	0.049	0.049	0.049	0.050	0.050	0.050	0.050	0.050	0.050	0.049	0.050	600 Read#48

600
Kinetic read 49 (16:19:29)
	1	2	3	4	5	6	7	8	9	10	11	12
A	0.046	0.047	0.047	0.047	0.048	0.047	0.047	0.708	0.050	0.048	0.049	0.049	600 Read#49
B	0.773	0.721	0.759	0.789	0.732	0.751	0.828	0.703	0.799	0.586	0.729	0.704	600 Read#49
C	0.044	0.043	0.045	0.045	0.045	0.046	0.049	0.045	0.053	0.060	0.046	0.051	600 Read#49
D	0.043	0.044	0.045	0.047	0.052	0.046	0.047	0.047	0.046	0.047	0.046	0.047	600 Read#49
E	0.043	0.044	0.045	0.045	0.045	0.046	0.050	0.045	0.047	0.047	0.050	0.046	600 Read#49
F	0.043	0.043	0.045	0.045	0.044	0.046	0.047	0.045	0.046	0.047	0.047	0.046	600 Read#49
G	0.758	0.787	0.777	0.798	0.821	0.775	0.799	0.800	0.782	0.774	0.759	0.725	600 Read#49
H	0.049	0.050	0.049	0.049	0.050	0.050	0.050	0.050	0.050	0.050	0.049	0.049	600 Read#49

