600
Kinetic read 1 (0:19:29)
	1	2	3	4	5	6	7	8	9	10	11	12
A	0.056	0.055	0.055	0.056	0.056	0.056	0.056	0.057	0.058	0.056	0.057	0.058	600 Read#1
B	0.056	0.056	0.056	0.056	0.057	0.057	0.058	0.059	0.057	0.061	0.059	0.058	600 Read#1
C	0.044	0.043	0.045	0.045	0.045	0.046	0.049	0.045	0.053	0.059	0.046	0.050	600 Read#1
D	0.043	0.044	0.045	0.046	0.046	0.046	0.047	0.047	0.047	0.047	0.047	0.047	600 Read#1
E	0.043	0.044	0.044	0.045	0.045	0.046	0.050	0.045	0.048	0.047	0.050	0.046	600 Read#1
F	0.043	0.043	0.044	0.045	0.044	0.046	0.047	0.045	0.046	0.047	0.047	0.046	600 Read#1
G	0.056	0.057	0.056	0.056	0.057	0.058	0.056	0.058	0.058	0.060	0.057	0.058	600 Read#1
H	0.055	0.056	0.056	0.056	0.056	0.057	0.056	0.056	0.057	0.057	0.056	0.057	600 Read#1

600
Kinetic read 2 (0:39:29)
	1	2	3	4	5	6	7	8	9	10	11	12
A	0.056	0.055	0.055	0.055	0.056	0.055	0.056	0.056	0.058	0.056	0.057	0.057	600 Read#2
B	0.056	0.056	0.056	0.056	0.057	0.056	0.058	0.059	0.057	0.061	0.059	0.058	600 Read#2
C	0.044	0.043	0.045	0.045	0.045	0.046	0.049	0.045	0.053	0.059	0.046	0.050	600 Read#2
D	0.043	0.044	0.045	0.046	0.046	0.046	0.047	0.047	0.046	0.047	0.046	0.047	600 Read#2
E	0.043	0.044	0.044	0.045	0.045	0.046	0.050	0.045	0.048	0.047	0.050	0.046	600 Read#2
F	0.043	0.043	0.044	0.045	0.044	0.046	0.047	0.045	0.046	0.047	0.047	0.046	600 Read#2
G	0.056	0.057	0.056	0.056	0.057	0.058	0.056	0.058	0.058	0.060	0.057	0.058	600 Read#2
H	0.055	0.055	0.056	0.056	0.056	0.056	0.056	0.056	0.057	0.057	0.056	0.057	600 Read#2

600
Kinetic read 3 (0:59:29)
	1	2	3	4	5	6	7	8	9	10	11	12
A	0.056	0.055	0.055	0.055	0.056	0.055	0.056	0.056	0.058	0.056	0.057	0.057	600 Read#3
B	0.056	0.056	0.056	0.056	0.057	0.057	0.058	0.059	0.057	0.061	0.059	0.058	600 Read#3
C	0.044	0.043	0.045	0.045	0.045	0.046	0.049	0.045	0.053	0.059	0.046	0.050	600 Read#3
D	0.043	0.044	0.044	0.046	0.046	0.046	0.047	0.048	0.046	0.047	0.046	0.047	600 Read#3
E	0.043	0.044	0.045	0.045	0.045	0.046	0.050	0.044	0.048	0.047	0.050	0.046	600 Read#3
F	0.043	0.043	0.044	0.045	0.044	0.046	0.047	0.045	0.046	0.047	0.047	0.046	600 Read#3
G	0.056	0.057	0.056	0.058	0.057	0.058	0.056	0.057	0.058	0.060	0.058	0.058	600 Read#3
H	0.055	0.055	0.056	0.056	0.056	0.057	0.056	0.056	0.057	0.057	0.056	0.057	600 Read#3

600
Kinetic read 4 (1:19:29)
	1	2	3	4	5	6	7	8	9	10	11	12
A	0.055	0.055	0.055	0.055	0.056	0.055	0.056	0.056	0.058	0.056	0.057	0.057	600 Read#4
B	0.056	0.056	0.056	0.056	0.057	0.057	0.058	0.059	0.057	0.061	0.059	0.058	600 Read#4
C	0.044	0.043	0.045	0.045	0.045	0.046	0.049	0.045	0.053	0.059	0.046	0.050	600 Read#4
D	0.043	0.044	0.045	0.046	0.046	0.046	0.047	0.048	0.046	0.047	0.046	0.047	600 Read#4
E	0.043	0.044	0.045	0.045	0.045	0.046	0.050	0.045	0.047	0.047	0.050	0.046	600 Read#4
F	0.043	0.043	0.044	0.045	0.044	0.046	0.047	0.045	0.046	0.047	0.047	0.046	600 Read#4
G	0.056	0.057	0.056	0.058	0.057	0.058	0.057	0.057	0.058	0.060	0.058	0.058	600 Read#4
H	0.055	0.055	0.056	0.056	0.056	0.056	0.056	0.056	0.057	0.056	0.056	0.057	600 Read#4

600
Kinetic read 5 (1:39:29)
	1	2	3	4	5	6	7	8	9	10	11	12
A	0.056	0.055	0.055	0.055	0.056	0.055	0.056	0.056	0.057	0.056	0.057	0.057	600 Read#5
B	0.056	0.056	0.056	0.056	0.058	0.057	0.058	0.059	0.057	0.061	0.059	0.058	600 Read#5
C	0.044	0.043	0.045	0.045	0.045	0.046	0.049	0.045	0.053	0.059	0.046	0.050	600 Read#5
D	0.043	0.044	0.045	0.046	0.046	0.046	0.047	0.048	0.046	0.047	0.046	0.047	600 Read#5
E	0.043	0.044	0.044	0.045	0.045	0.046	0.050	0.045	0.047	0.047	0.050	0.046	600 Read#5
F	0.043	0.043	0.044	0.045	0.044	0.046	0.047	0.045	0.046	0.047	0.047	0.046	600 Read#5
G	0.056	0.057	0.056	0.058	0.057	0.058	0.056	0.057	0.058	0.060	0.058	0.058	600 Read#5
H	0.055	0.056	0.056	0.056	0.056	0.056	0.056	0.056	0.057	0.057	0.056	0.057	600 Read#5

600
Kinetic read 6 (1:59:29)
	1	2	3	4	5	6	7	8	9	10	11	12
A	0.055	0.055	0.055	0.055	0.056	0.055	0.056	0.056	0.057	0.056	0.057	0.057	600 Read#6
B	0.056	0.056	0.056	0.056	0.058	0.057	0.058	0.059	0.057	0.061	0.059	0.058	600 Read#6
C	0.044	0.043	0.045	0.045	0.045	0.046	0.049	0.045	0.053	0.059	0.046	0.050	600 Read#6
D	0.043	0.044	0.044	0.046	0.046	0.046	0.047	0.047	0.046	0.047	0.046	0.047	600 Read#6
E	0.043	0.044	0.044	0.045	0.045	0.046	0.050	0.044	0.047	0.047	0.050	0.045	600 Read#6
F	0.043	0.043	0.044	0.045	0.044	0.046	0.047	0.045	0.046	0.047	0.047	0.046	600 Read#6
G	0.056	0.057	0.056	0.058	0.057	0.058	0.056	0.058	0.058	0.062	0.058	0.058	600 Read#6
H	0.055	0.055	0.056	0.056	0.056	0.056	0.056	0.056	0.057	0.056	0.056	0.057	600 Read#6

600
Kinetic read 7 (2:19:29)
	1	2	3	4	5	6	7	8	9	10	11	12
A	0.055	0.055	0.055	0.055	0.056	0.055	0.056	0.056	0.058	0.056	0.057	0.057	600 Read#7
B	0.056	0.056	0.057	0.056	0.058	0.057	0.059	0.059	0.058	0.061	0.059	0.058	600 Read#7
C	0.044	0.043	0.045	0.045	0.045	0.046	0.049	0.045	0.053	0.059	0.046	0.050	600 Read#7
D	0.043	0.044	0.045	0.046	0.046	0.046	0.047	0.047	0.046	0.047	0.046	0.047	600 Read#7
E	0.043	0.044	0.044	0.045	0.045	0.046	0.050	0.045	0.048	0.047	0.051	0.046	600 Read#7
F	0.043	0.043	0.044	0.045	0.044	0.046	0.047	0.045	0.046	0.047	0.047	0.046	600 Read#7
G	0.056	0.057	0.056	0.059	0.057	0.058	0.057	0.058	0.058	0.060	0.058	0.058	600 Read#7
H	0.055	0.056	0.056	0.056	0.056	0.056	0.056	0.056	0.057	0.057	0.056	0.057	600 Read#7

600
Kinetic read 8 (2:39:29)
	1	2	3	4	5	6	7	8	9	10	11	12
A	0.056	0.055	0.055	0.055	0.056	0.055	0.056	0.056	0.058	0.056	0.057	0.057	600 Read#8
B	0.056	0.056	0.057	0.056	0.058	0.057	0.059	0.059	0.058	0.061	0.059	0.058	600 Read#8
C	0.044	0.043	0.045	0.045	0.046	0.046	0.049	0.045	0.053	0.059	0.046	0.050	600 Read#8
D	0.043	0.044	0.045	0.046	0.046	0.046	0.047	0.048	0.046	0.047	0.047	0.047	600 Read#8
E	0.043	0.044	0.044	0.045	0.045	0.046	0.050	0.045	0.047	0.047	0.050	0.047	600 Read#8
F	0.043	0.043	0.044	0.045	0.044	0.046	0.047	0.045	0.046	0.047	0.047	0.046	600 Read#8
G	0.056	0.057	0.056	0.059	0.057	0.058	0.057	0.058	0.058	0.060	0.058	0.058	600 Read#8
H	0.055	0.056	0.056	0.056	0.056	0.057	0.056	0.056	0.057	0.056	0.056	0.057	600 Read#8

600
Kinetic read 9 (2:59:29)
	1	2	3	4	5	6	7	8	9	10	11	12
A	0.056	0.055	0.055	0.055	0.056	0.055	0.056	0.056	0.058	0.056	0.057	0.057	600 Read#9
B	0.056	0.056	0.057	0.056	0.058	0.057	0.059	0.060	0.058	0.062	0.059	0.058	600 Read#9
C	0.044	0.043	0.045	0.045	0.045	0.046	0.049	0.045	0.053	0.059	0.046	0.050	600 Read#9
D	0.043	0.044	0.045	0.046	0.046	0.046	0.047	0.048	0.046	0.047	0.047	0.047	600 Read#9
E	0.043	0.044	0.045	0.045	0.045	0.046	0.050	0.045	0.048	0.047	0.050	0.047	600 Read#9
F	0.043	0.043	0.044	0.045	0.044	0.046	0.048	0.045	0.046	0.047	0.047	0.046	600 Read#9
G	0.056	0.057	0.056	0.059	0.057	0.059	0.057	0.058	0.058	0.060	0.058	0.058	600 Read#9
H	0.055	0.056	0.056	0.056	0.056	0.057	0.056	0.056	0.057	0.057	0.056	0.057	600 Read#9

600
Kinetic read 10 (3:19:29)
	1	2	3	4	5	6	7	8	9	10	11	12
A	0.056	0.055	0.055	0.055	0.056	0.055	0.056	0.056	0.058	0.056	0.057	0.057	600 Read#10
B	0.056	0.056	0.057	0.056	0.058	0.057	0.059	0.060	0.058	0.062	0.059	0.058	600 Read#10
C	0.044	0.043	0.045	0.045	0.045	0.046	0.049	0.045	0.053	0.059	0.046	0.050	600 Read#10
D	0.043	0.044	0.044	0.046	0.046	0.046	0.047	0.047	0.046	0.047	0.046	0.047	600 Read#10
E	0.043	0.044	0.044	0.045	0.045	0.046	0.050	0.045	0.048	0.047	0.050	0.047	600 Read#10
F	0.043	0.043	0.044	0.045	0.044	0.046	0.047	0.045	0.046	0.047	0.047	0.046	600 Read#10
G	0.056	0.058	0.057	0.059	0.057	0.058	0.057	0.058	0.058	0.060	0.058	0.058	600 Read#10
H	0.055	0.056	0.056	0.056	0.056	0.056	0.056	0.056	0.057	0.057	0.056	0.057	600 Read#10

600
Kinetic read 11 (3:39:29)
	1	2	3	4	5	6	7	8	9	10	11	12
A	0.056	0.055	0.055	0.055	0.056	0.055	0.056	0.056	0.058	0.056	0.057	0.057	600 Read#11
B	0.056	0.056	0.057	0.056	0.058	0.057	0.060	0.060	0.058	0.062	0.060	0.058	600 Read#11
C	0.044	0.044	0.045	0.045	0.045	0.046	0.049	0.045	0.053	0.059	0.046	0.050	600 Read#11
D	0.043	0.044	0.045	0.046	0.046	0.046	0.047	0.048	0.046	0.047	0.047	0.047	600 Read#11
E	0.043	0.044	0.045	0.045	0.045	0.046	0.050	0.045	0.048	0.047	0.050	0.047	600 Read#11
F	0.043	0.043	0.044	0.045	0.044	0.046	0.047	0.045	0.046	0.047	0.047	0.046	600 Read#11
G	0.057	0.058	0.057	0.059	0.057	0.058	0.057	0.058	0.058	0.060	0.058	0.058	600 Read#11
H	0.055	0.056	0.056	0.056	0.056	0.057	0.056	0.056	0.057	0.057	0.056	0.057	600 Read#11

600
Kinetic read 12 (3:59:29)
	1	2	3	4	5	6	7	8	9	10	11	12
A	0.056	0.055	0.055	0.055	0.056	0.055	0.056	0.056	0.057	0.056	0.056	0.057	600 Read#12
B	0.056	0.056	0.057	0.056	0.058	0.057	0.060	0.061	0.058	0.062	0.060	0.058	600 Read#12
C	0.044	0.043	0.044	0.045	0.045	0.046	0.049	0.045	0.053	0.059	0.046	0.050	600 Read#12
D	0.043	0.044	0.044	0.046	0.046	0.046	0.047	0.047	0.046	0.047	0.046	0.047	600 Read#12
E	0.043	0.044	0.044	0.045	0.045	0.046	0.050	0.045	0.047	0.047	0.050	0.047	600 Read#12
F	0.043	0.043	0.044	0.045	0.044	0.046	0.047	0.045	0.046	0.047	0.047	0.046	600 Read#12
G	0.057	0.058	0.057	0.059	0.057	0.058	0.057	0.058	0.058	0.061	0.058	0.058	600 Read#12
H	0.055	0.055	0.055	0.056	0.056	0.056	0.056	0.056	0.056	0.056	0.056	0.056	600 Read#12

600
Kinetic read 13 (4:19:29)
	1	2	3	4	5	6	7	8	9	10	11	12
A	0.056	0.055	0.055	0.055	0.056	0.055	0.056	0.056	0.058	0.056	0.057	0.057	600 Read#13
B	0.057	0.056	0.057	0.056	0.059	0.057	0.061	0.061	0.058	0.063	0.060	0.058	600 Read#13
C	0.044	0.044	0.045	0.045	0.045	0.046	0.049	0.045	0.053	0.059	0.046	0.050	600 Read#13
D	0.043	0.044	0.045	0.046	0.046	0.046	0.047	0.047	0.047	0.047	0.047	0.047	600 Read#13
E	0.043	0.044	0.044	0.045	0.045	0.046	0.050	0.045	0.048	0.047	0.050	0.047	600 Read#13
F	0.043	0.043	0.044	0.045	0.044	0.046	0.047	0.045	0.046	0.047	0.047	0.046	600 Read#13
G	0.057	0.058	0.057	0.059	0.058	0.059	0.057	0.058	0.059	0.061	0.059	0.058	600 Read#13
H	0.055	0.056	0.056	0.056	0.056	0.056	0.056	0.056	0.057	0.056	0.056	0.057	600 Read#13

600
Kinetic read 14 (4:39:29)
	1	2	3	4	5	6	7	8	9	10	11	12
A	0.055	0.055	0.055	0.055	0.056	0.055	0.055	0.056	0.057	0.056	0.056	0.057	600 Read#14
B	0.056	0.056	0.057	0.056	0.059	0.057	0.061	0.062	0.058	0.063	0.060	0.058	600 Read#14
C	0.044	0.043	0.044	0.045	0.045	0.046	0.049	0.045	0.053	0.059	0.046	0.050	600 Read#14
D	0.043	0.044	0.044	0.046	0.046	0.046	0.047	0.047	0.046	0.047	0.046	0.047	600 Read#14
E	0.043	0.044	0.044	0.045	0.045	0.046	0.049	0.044	0.047	0.047	0.050	0.047	600 Read#14
F	0.043	0.043	0.044	0.045	0.044	0.045	0.047	0.044	0.045	0.047	0.047	0.046	600 Read#14
G	0.057	0.058	0.057	0.059	0.057	0.059	0.057	0.058	0.058	0.060	0.059	0.058	600 Read#14
H	0.055	0.055	0.055	0.056	0.056	0.056	0.055	0.056	0.056	0.056	0.056	0.056	600 Read#14

600
Kinetic read 15 (4:59:29)
	1	2	3	4	5	6	7	8	9	10	11	12
A	0.056	0.055	0.055	0.055	0.056	0.055	0.056	0.056	0.057	0.056	0.057	0.057	600 Read#15
B	0.057	0.056	0.057	0.056	0.059	0.058	0.062	0.063	0.058	0.063	0.060	0.059	600 Read#15
C	0.044	0.043	0.045	0.045	0.045	0.046	0.049	0.045	0.053	0.059	0.046	0.050	600 Read#15
D	0.043	0.044	0.044	0.046	0.046	0.046	0.047	0.047	0.046	0.047	0.046	0.047	600 Read#15
E	0.043	0.044	0.044	0.045	0.045	0.046	0.050	0.045	0.047	0.047	0.050	0.047	600 Read#15
F	0.043	0.043	0.044	0.045	0.044	0.046	0.047	0.045	0.046	0.047	0.047	0.046	600 Read#15
G	0.058	0.059	0.057	0.060	0.058	0.059	0.057	0.058	0.058	0.061	0.059	0.058	600 Read#15
H	0.055	0.056	0.056	0.056	0.056	0.056	0.056	0.056	0.056	0.057	0.056	0.057	600 Read#15

600
Kinetic read 16 (5:19:29)
	1	2	3	4	5	6	7	8	9	10	11	12
A	0.055	0.055	0.055	0.055	0.056	0.055	0.055	0.056	0.057	0.056	0.056	0.057	600 Read#16
B	0.057	0.056	0.057	0.056	0.059	0.057	0.063	0.063	0.059	0.063	0.061	0.059	600 Read#16
C	0.044	0.043	0.045	0.045	0.045	0.046	0.049	0.045	0.053	0.059	0.046	0.050	600 Read#16
D	0.043	0.044	0.045	0.046	0.046	0.046	0.047	0.047	0.046	0.047	0.046	0.047	600 Read#16
E	0.043	0.044	0.045	0.045	0.045	0.046	0.050	0.044	0.047	0.047	0.050	0.047	600 Read#16
F	0.043	0.043	0.044	0.045	0.044	0.046	0.047	0.044	0.046	0.047	0.047	0.046	600 Read#16
G	0.058	0.059	0.057	0.060	0.058	0.059	0.057	0.058	0.058	0.061	0.060	0.058	600 Read#16
H	0.055	0.055	0.056	0.056	0.056	0.056	0.056	0.056	0.056	0.057	0.056	0.056	600 Read#16

600
Kinetic read 17 (5:39:29)
	1	2	3	4	5	6	7	8	9	10	11	12
A	0.056	0.055	0.055	0.055	0.056	0.055	0.056	0.056	0.057	0.056	0.057	0.057	600 Read#17
B	0.057	0.056	0.057	0.057	0.060	0.058	0.064	0.065	0.059	0.064	0.061	0.059	600 Read#17
C	0.044	0.043	0.045	0.045	0.045	0.046	0.049	0.045	0.053	0.060	0.046	0.050	600 Read#17
D	0.043	0.044	0.044	0.046	0.046	0.046	0.047	0.047	0.046	0.047	0.047	0.047	600 Read#17
E	0.043	0.044	0.045	0.045	0.045	0.046	0.050	0.044	0.048	0.047	0.050	0.047	600 Read#17
F	0.043	0.043	0.044	0.045	0.044	0.046	0.047	0.045	0.046	0.047	0.047	0.046	600 Read#17
G	0.059	0.060	0.057	0.060	0.058	0.059	0.058	0.059	0.058	0.061	0.060	0.059	600 Read#17
H	0.055	0.056	0.056	0.056	0.056	0.057	0.056	0.056	0.056	0.056	0.056	0.057	600 Read#17

600
Kinetic read 18 (5:59:29)
	1	2	3	4	5	6	7	8	9	10	11	12
A	0.055	0.055	0.055	0.055	0.056	0.055	0.055	0.056	0.057	0.056	0.057	0.057	600 Read#18
B	0.058	0.056	0.057	0.057	0.060	0.058	0.066	0.066	0.059	0.065	0.061	0.060	600 Read#18
C	0.044	0.043	0.045	0.045	0.045	0.046	0.049	0.045	0.053	0.060	0.046	0.050	600 Read#18
D	0.043	0.044	0.045	0.046	0.046	0.046	0.047	0.048	0.046	0.047	0.046	0.047	600 Read#18
E	0.043	0.044	0.045	0.045	0.045	0.046	0.050	0.045	0.048	0.047	0.050	0.047	600 Read#18
F	0.043	0.043	0.044	0.045	0.044	0.046	0.047	0.045	0.046	0.047	0.047	0.046	600 Read#18
G	0.059	0.060	0.057	0.060	0.058	0.060	0.058	0.059	0.059	0.061	0.061	0.059	600 Read#18
H	0.055	0.056	0.056	0.056	0.056	0.056	0.056	0.056	0.057	0.056	0.056	0.057	600 Read#18

600
Kinetic read 19 (6:19:29)
	1	2	3	4	5	6	7	8	9	10	11	12
A	0.055	0.055	0.055	0.055	0.056	0.055	0.055	0.056	0.057	0.055	0.056	0.057	600 Read#19
B	0.058	0.056	0.057	0.057	0.060	0.058	0.067	0.067	0.059	0.065	0.062	0.060	600 Read#19
C	0.044	0.043	0.045	0.045	0.045	0.045	0.049	0.045	0.053	0.059	0.046	0.050	600 Read#19
D	0.043	0.044	0.044	0.046	0.046	0.046	0.047	0.047	0.046	0.047	0.046	0.047	600 Read#19
E	0.043	0.044	0.044	0.045	0.045	0.046	0.050	0.044	0.047	0.047	0.050	0.047	600 Read#19
F	0.043	0.043	0.044	0.045	0.044	0.046	0.047	0.044	0.046	0.047	0.047	0.046	600 Read#19
G	0.059	0.061	0.057	0.060	0.058	0.060	0.058	0.059	0.059	0.061	0.061	0.059	600 Read#19
H	0.055	0.055	0.056	0.056	0.056	0.056	0.056	0.056	0.056	0.056	0.056	0.056	600 Read#19

600
Kinetic read 20 (6:39:29)
	1	2	3	4	5	6	7	8	9	10	11	12
A	0.056	0.055	0.055	0.055	0.056	0.055	0.056	0.056	0.057	0.056	0.056	0.057	600 Read#20
B	0.059	0.056	0.058	0.057	0.061	0.059	0.069	0.069	0.060	0.065	0.063	0.061	600 Read#20
C	0.044	0.043	0.045	0.045	0.045	0.046	0.049	0.045	0.053	0.060	0.046	0.050	600 Read#20
D	0.043	0.044	0.045	0.046	0.046	0.046	0.047	0.047	0.046	0.047	0.046	0.047	600 Read#20
E	0.043	0.044	0.045	0.045	0.045	0.046	0.050	0.045	0.048	0.047	0.051	0.047	600 Read#20
F	0.043	0.043	0.044	0.045	0.044	0.046	0.047	0.045	0.046	0.047	0.047	0.046	600 Read#20
G	0.060	0.061	0.058	0.060	0.058	0.060	0.058	0.059	0.059	0.062	0.062	0.059	600 Read#20
H	0.055	0.055	0.056	0.056	0.056	0.057	0.056	0.056	0.057	0.056	0.056	0.057	600 Read#20

600
Kinetic read 21 (6:59:29)
	1	2	3	4	5	6	7	8	9	10	11	12
A	0.056	0.055	0.055	0.055	0.056	0.055	0.056	0.056	0.057	0.056	0.057	0.057	600 Read#21
B	0.062	0.057	0.058	0.058	0.062	0.060	0.071	0.071	0.060	0.066	0.063	0.061	600 Read#21
C	0.044	0.043	0.045	0.045	0.045	0.046	0.049	0.045	0.053	0.060	0.046	0.050	600 Read#21
D	0.043	0.044	0.045	0.046	0.046	0.046	0.047	0.047	0.047	0.047	0.047	0.047	600 Read#21
E	0.043	0.044	0.045	0.045	0.045	0.046	0.050	0.044	0.048	0.047	0.050	0.047	600 Read#21
F	0.043	0.043	0.044	0.045	0.044	0.046	0.047	0.045	0.046	0.047	0.047	0.046	600 Read#21
G	0.061	0.061	0.058	0.061	0.059	0.061	0.058	0.059	0.059	0.061	0.062	0.059	600 Read#21
H	0.055	0.055	0.056	0.056	0.056	0.056	0.056	0.056	0.056	0.056	0.056	0.056	600 Read#21

600
Kinetic read 22 (7:19:29)
	1	2	3	4	5	6	7	8	9	10	11	12
A	0.055	0.055	0.055	0.055	0.056	0.055	0.055	0.056	0.057	0.056	0.056	0.057	600 Read#22
B	0.058	0.057	0.058	0.058	0.063	0.060	0.073	0.073	0.061	0.065	0.064	0.062	600 Read#22
C	0.044	0.043	0.044	0.045	0.045	0.046	0.049	0.045	0.053	0.059	0.046	0.050	600 Read#22
D	0.043	0.044	0.044	0.046	0.046	0.046	0.047	0.047	0.046	0.047	0.046	0.047	600 Read#22
E	0.043	0.044	0.045	0.045	0.045	0.046	0.050	0.044	0.047	0.047	0.050	0.047	600 Read#22
F	0.043	0.043	0.044	0.045	0.044	0.046	0.047	0.045	0.046	0.047	0.047	0.046	600 Read#22
G	0.061	0.062	0.058	0.061	0.059	0.061	0.059	0.060	0.059	0.061	0.063	0.059	600 Read#22
H	0.055	0.055	0.055	0.056	0.056	0.056	0.056	0.056	0.056	0.056	0.056	0.056	600 Read#22

600
Kinetic read 23 (7:39:29)
	1	2	3	4	5	6	7	8	9	10	11	12
A	0.055	0.055	0.055	0.055	0.056	0.055	0.056	0.056	0.057	0.056	0.056	0.057	600 Read#23
B	0.058	0.057	0.058	0.058	0.063	0.061	0.076	0.076	0.062	0.065	0.065	0.062	600 Read#23
C	0.044	0.043	0.045	0.045	0.045	0.046	0.049	0.045	0.053	0.059	0.046	0.050	600 Read#23
D	0.043	0.044	0.045	0.046	0.046	0.046	0.047	0.047	0.046	0.047	0.046	0.047	600 Read#23
E	0.043	0.044	0.045	0.045	0.045	0.046	0.050	0.045	0.048	0.047	0.050	0.047	600 Read#23
F	0.043	0.043	0.044	0.045	0.044	0.046	0.047	0.045	0.046	0.047	0.047	0.046	600 Read#23
G	0.063	0.064	0.058	0.062	0.059	0.062	0.059	0.060	0.059	0.062	0.064	0.059	600 Read#23
H	0.055	0.055	0.056	0.056	0.056	0.056	0.056	0.056	0.057	0.056	0.056	0.056	600 Read#23

600
Kinetic read 24 (7:59:29)
	1	2	3	4	5	6	7	8	9	10	11	12
A	0.055	0.055	0.055	0.055	0.056	0.055	0.055	0.056	0.057	0.056	0.057	0.057	600 Read#24
B	0.059	0.057	0.059	0.059	0.064	0.061	0.080	0.079	0.063	0.065	0.066	0.063	600 Read#24
C	0.044	0.043	0.045	0.045	0.045	0.046	0.049	0.045	0.053	0.059	0.046	0.050	600 Read#24
D	0.043	0.044	0.045	0.046	0.046	0.046	0.047	0.047	0.046	0.047	0.047	0.047	600 Read#24
E	0.043	0.044	0.045	0.045	0.045	0.046	0.050	0.045	0.048	0.047	0.050	0.047	600 Read#24
F	0.043	0.043	0.044	0.045	0.044	0.046	0.047	0.045	0.046	0.047	0.047	0.046	600 Read#24
G	0.063	0.065	0.059	0.063	0.059	0.063	0.059	0.061	0.059	0.062	0.065	0.060	600 Read#24
H	0.055	0.055	0.056	0.056	0.056	0.056	0.056	0.056	0.056	0.057	0.056	0.057	600 Read#24

600
Kinetic read 25 (8:19:29)
	1	2	3	4	5	6	7	8	9	10	11	12
A	0.055	0.055	0.055	0.055	0.055	0.055	0.055	0.056	0.057	0.055	0.056	0.057	600 Read#25
B	0.060	0.057	0.060	0.059	0.065	0.062	0.084	0.083	0.063	0.065	0.066	0.064	600 Read#25
C	0.044	0.043	0.045	0.045	0.045	0.046	0.049	0.045	0.053	0.059	0.046	0.050	600 Read#25
D	0.043	0.044	0.044	0.046	0.046	0.046	0.047	0.047	0.046	0.047	0.046	0.047	600 Read#25
E	0.043	0.044	0.044	0.045	0.045	0.046	0.050	0.044	0.047	0.047	0.050	0.047	600 Read#25
F	0.043	0.043	0.044	0.045	0.044	0.046	0.047	0.045	0.046	0.047	0.047	0.046	600 Read#25
G	0.063	0.065	0.059	0.063	0.059	0.063	0.060	0.061	0.059	0.062	0.066	0.060	600 Read#25
H	0.055	0.055	0.055	0.056	0.056	0.056	0.056	0.056	0.056	0.056	0.056	0.056	600 Read#25

600
Kinetic read 26 (8:39:29)
	1	2	3	4	5	6	7	8	9	10	11	12
A	0.056	0.055	0.055	0.055	0.056	0.055	0.055	0.056	0.057	0.056	0.056	0.057	600 Read#26
B	0.060	0.058	0.060	0.060	0.066	0.063	0.089	0.088	0.064	0.067	0.068	0.065	600 Read#26
C	0.044	0.043	0.045	0.045	0.045	0.046	0.049	0.045	0.053	0.060	0.046	0.050	600 Read#26
D	0.043	0.044	0.045	0.046	0.046	0.046	0.047	0.048	0.047	0.047	0.047	0.047	600 Read#26
E	0.043	0.044	0.045	0.045	0.045	0.046	0.050	0.045	0.048	0.047	0.050	0.047	600 Read#26
F	0.043	0.043	0.044	0.045	0.044	0.046	0.047	0.045	0.046	0.047	0.047	0.046	600 Read#26
G	0.065	0.067	0.059	0.064	0.060	0.064	0.060	0.062	0.060	0.062	0.068	0.060	600 Read#26
H	0.055	0.055	0.056	0.056	0.056	0.056	0.056	0.056	0.057	0.056	0.056	0.056	600 Read#26

600
Kinetic read 27 (8:59:29)
	1	2	3	4	5	6	7	8	9	10	11	12
A	0.055	0.055	0.055	0.054	0.055	0.055	0.055	0.056	0.057	0.055	0.056	0.057	600 Read#27
B	0.060	0.058	0.060	0.060	0.067	0.064	0.094	0.093	0.065	0.066	0.069	0.066	600 Read#27
C	0.044	0.043	0.045	0.045	0.045	0.046	0.049	0.045	0.053	0.059	0.046	0.050	600 Read#27
D	0.043	0.044	0.044	0.046	0.046	0.046	0.047	0.047	0.046	0.047	0.046	0.047	600 Read#27
E	0.043	0.044	0.044	0.045	0.045	0.046	0.050	0.044	0.048	0.047	0.050	0.047	600 Read#27
F	0.043	0.043	0.044	0.045	0.044	0.046	0.047	0.044	0.046	0.047	0.047	0.046	600 Read#27
G	0.066	0.068	0.059	0.065	0.061	0.065	0.061	0.063	0.060	0.063	0.069	0.061	600 Read#27
H	0.055	0.055	0.055	0.056	0.056	0.056	0.056	0.056	0.056	0.056	0.056	0.056	600 Read#27

600
Kinetic read 28 (9:19:29)
	1	2	3	4	5	6	7	8	9	10	11	12
A	0.055	0.055	0.054	0.055	0.055	0.055	0.055	0.056	0.057	0.056	0.056	0.057	600 Read#28
B	0.061	0.058	0.060	0.061	0.068	0.065	0.100	0.099	0.067	0.068	0.070	0.067	600 Read#28
C	0.044	0.043	0.045	0.045	0.045	0.046	0.049	0.045	0.053	0.059	0.046	0.050	600 Read#28
D	0.043	0.044	0.044	0.046	0.046	0.046	0.047	0.047	0.046	0.047	0.046	0.047	600 Read#28
E	0.043	0.044	0.045	0.045	0.045	0.046	0.050	0.044	0.047	0.047	0.050	0.047	600 Read#28
F	0.043	0.043	0.044	0.045	0.044	0.046	0.047	0.045	0.046	0.047	0.047	0.046	600 Read#28
G	0.067	0.070	0.060	0.065	0.061	0.067	0.062	0.064	0.060	0.063	0.071	0.062	600 Read#28
H	0.055	0.056	0.055	0.055	0.055	0.056	0.055	0.056	0.056	0.056	0.056	0.056	600 Read#28

600
Kinetic read 29 (9:39:29)
	1	2	3	4	5	6	7	8	9	10	11	12
A	0.055	0.055	0.055	0.055	0.055	0.055	0.055	0.056	0.057	0.056	0.056	0.057	600 Read#29
B	0.060	0.059	0.060	0.062	0.070	0.066	0.107	0.106	0.068	0.067	0.072	0.068	600 Read#29
C	0.044	0.043	0.045	0.045	0.045	0.046	0.049	0.045	0.053	0.060	0.046	0.050	600 Read#29
D	0.043	0.044	0.045	0.046	0.046	0.046	0.047	0.048	0.047	0.047	0.047	0.047	600 Read#29
E	0.043	0.044	0.045	0.045	0.045	0.046	0.050	0.045	0.048	0.047	0.050	0.047	600 Read#29
F	0.043	0.043	0.044	0.045	0.044	0.046	0.048	0.045	0.046	0.047	0.047	0.046	600 Read#29
G	0.070	0.072	0.061	0.067	0.062	0.068	0.063	0.064	0.060	0.064	0.072	0.069	600 Read#29
H	0.055	0.055	0.055	0.056	0.056	0.056	0.056	0.056	0.056	0.056	0.056	0.056	600 Read#29

600
Kinetic read 30 (9:59:29)
	1	2	3	4	5	6	7	8	9	10	11	12
A	0.055	0.055	0.055	0.055	0.056	0.055	0.055	0.056	0.057	0.055	0.056	0.057	600 Read#30
B	0.059	0.059	0.061	0.063	0.070	0.066	0.116	0.114	0.070	0.068	0.074	0.070	600 Read#30
C	0.044	0.043	0.045	0.045	0.045	0.046	0.049	0.045	0.053	0.059	0.046	0.050	600 Read#30
D	0.043	0.044	0.045	0.046	0.046	0.046	0.047	0.047	0.046	0.047	0.046	0.047	600 Read#30
E	0.043	0.044	0.044	0.045	0.045	0.046	0.050	0.045	0.047	0.047	0.051	0.047	600 Read#30
F	0.043	0.043	0.044	0.045	0.044	0.046	0.047	0.045	0.046	0.047	0.047	0.046	600 Read#30
G	0.074	0.073	0.062	0.068	0.063	0.070	0.064	0.066	0.061	0.064	0.075	0.068	600 Read#30
H	0.055	0.055	0.055	0.055	0.056	0.056	0.056	0.056	0.056	0.056	0.056	0.056	600 Read#30

600
Kinetic read 31 (10:19:29)
	1	2	3	4	5	6	7	8	9	10	11	12
A	0.055	0.055	0.054	0.055	0.055	0.055	0.055	0.056	0.057	0.055	0.056	0.057	600 Read#31
B	0.059	0.060	0.062	0.064	0.072	0.070	0.126	0.124	0.071	0.069	0.075	0.072	600 Read#31
C	0.044	0.043	0.045	0.045	0.045	0.046	0.049	0.045	0.053	0.060	0.046	0.050	600 Read#31
D	0.043	0.044	0.045	0.046	0.046	0.046	0.047	0.047	0.046	0.047	0.046	0.047	600 Read#31
E	0.043	0.044	0.045	0.045	0.045	0.046	0.050	0.045	0.048	0.047	0.050	0.047	600 Read#31
F	0.043	0.043	0.044	0.045	0.044	0.046	0.048	0.045	0.046	0.047	0.047	0.046	600 Read#31
G	0.073	0.076	0.062	0.070	0.064	0.072	0.066	0.067	0.061	0.065	0.076	0.070	600 Read#31
H	0.055	0.055	0.055	0.056	0.056	0.056	0.056	0.056	0.056	0.056	0.056	0.056	600 Read#31

600
Kinetic read 32 (10:39:29)
	1	2	3	4	5	6	7	8	9	10	11	12
A	0.055	0.054	0.054	0.054	0.055	0.055	0.055	0.056	0.057	0.055	0.056	0.056	600 Read#32
B	0.060	0.060	0.063	0.065	0.074	0.071	0.137	0.135	0.073	0.069	0.078	0.073	600 Read#32
C	0.044	0.043	0.045	0.045	0.045	0.046	0.049	0.045	0.053	0.059	0.046	0.050	600 Read#32
D	0.043	0.044	0.044	0.046	0.046	0.046	0.047	0.047	0.046	0.047	0.046	0.047	600 Read#32
E	0.043	0.044	0.044	0.045	0.045	0.046	0.050	0.045	0.047	0.047	0.050	0.047	600 Read#32
F	0.043	0.043	0.044	0.045	0.044	0.046	0.047	0.045	0.046	0.047	0.047	0.046	600 Read#32
G	0.077	0.079	0.063	0.071	0.064	0.074	0.070	0.069	0.061	0.065	0.079	0.073	600 Read#32
H	0.055	0.055	0.055	0.055	0.056	0.056	0.056	0.056	0.056	0.056	0.056	0.056	600 Read#32

600
Kinetic read 33 (10:59:29)
	1	2	3	4	5	6	7	8	9	10	11	12
A	0.055	0.055	0.054	0.055	0.055	0.055	0.055	0.056	0.057	0.055	0.056	0.057	600 Read#33
B	0.060	0.061	0.063	0.067	0.078	0.071	0.150	0.148	0.076	0.071	0.080	0.076	600 Read#33
C	0.044	0.044	0.045	0.045	0.045	0.046	0.049	0.045	0.053	0.060	0.046	0.050	600 Read#33
D	0.043	0.044	0.045	0.046	0.046	0.046	0.047	0.048	0.046	0.047	0.047	0.048	600 Read#33
E	0.043	0.044	0.045	0.045	0.045	0.046	0.050	0.045	0.048	0.047	0.050	0.047	600 Read#33
F	0.043	0.043	0.044	0.045	0.044	0.046	0.047	0.045	0.046	0.047	0.047	0.046	600 Read#33
G	0.083	0.082	0.065	0.073	0.066	0.076	0.071	0.070	0.063	0.066	0.082	0.076	600 Read#33
H	0.055	0.055	0.056	0.056	0.056	0.056	0.056	0.056	0.056	0.056	0.056	0.056	600 Read#33

600
Kinetic read 34 (11:19:29)
	1	2	3	4	5	6	7	8	9	10	11	12
A	0.055	0.055	0.054	0.054	0.055	0.055	0.055	0.056	0.057	0.055	0.056	0.057	600 Read#34
B	0.061	0.061	0.065	0.068	0.080	0.074	0.164	0.161	0.079	0.072	0.084	0.078	600 Read#34
C	0.044	0.043	0.045	0.045	0.045	0.046	0.049	0.045	0.053	0.059	0.046	0.050	600 Read#34
D	0.043	0.044	0.044	0.046	0.046	0.046	0.047	0.047	0.046	0.047	0.046	0.047	600 Read#34
E	0.043	0.044	0.044	0.045	0.045	0.046	0.050	0.045	0.048	0.047	0.050	0.047	600 Read#34
F	0.043	0.043	0.044	0.045	0.044	0.046	0.047	0.045	0.046	0.047	0.047	0.046	600 Read#34
G	0.086	0.086	0.065	0.076	0.067	0.079	0.073	0.072	0.062	0.067	0.085	0.076	600 Read#34
H	0.055	0.055	0.055	0.055	0.056	0.056	0.055	0.056	0.056	0.056	0.056	0.056	600 Read#34

600
Kinetic read 35 (11:39:29)
	1	2	3	4	5	6	7	8	9	10	11	12
A	0.055	0.054	0.054	0.054	0.055	0.055	0.055	0.056	0.057	0.055	0.056	0.056	600 Read#35
B	0.062	0.062	0.066	0.069	0.083	0.078	0.180	0.177	0.081	0.073	0.086	0.081	600 Read#35
C	0.044	0.044	0.045	0.045	0.045	0.046	0.049	0.045	0.053	0.060	0.046	0.050	600 Read#35
D	0.043	0.044	0.044	0.046	0.046	0.046	0.047	0.047	0.046	0.047	0.046	0.048	600 Read#35
E	0.043	0.044	0.044	0.045	0.045	0.046	0.050	0.045	0.048	0.047	0.050	0.047	600 Read#35
F	0.043	0.043	0.044	0.045	0.044	0.046	0.047	0.045	0.046	0.047	0.047	0.046	600 Read#35
G	0.088	0.088	0.067	0.078	0.068	0.082	0.074	0.074	0.063	0.069	0.089	0.084	600 Read#35
H	0.055	0.055	0.055	0.056	0.056	0.056	0.055	0.056	0.056	0.056	0.056	0.056	600 Read#35

600
Kinetic read 36 (11:59:29)
	1	2	3	4	5	6	7	8	9	10	11	12
A	0.055	0.054	0.054	0.054	0.055	0.055	0.055	0.055	0.057	0.055	0.056	0.056	600 Read#36
B	0.062	0.063	0.067	0.071	0.084	0.077	0.198	0.196	0.084	0.074	0.091	0.084	600 Read#36
C	0.044	0.043	0.045	0.045	0.045	0.046	0.049	0.045	0.053	0.059	0.046	0.050	600 Read#36
D	0.043	0.044	0.045	0.046	0.046	0.046	0.047	0.047	0.046	0.047	0.046	0.047	600 Read#36
E	0.043	0.044	0.044	0.045	0.045	0.046	0.050	0.044	0.047	0.047	0.050	0.047	600 Read#36
F	0.043	0.043	0.044	0.045	0.044	0.046	0.047	0.044	0.046	0.047	0.047	0.046	600 Read#36
G	0.089	0.091	0.068	0.080	0.070	0.085	0.076	0.076	0.064	0.072	0.094	0.084	600 Read#36
H	0.055	0.055	0.055	0.055	0.055	0.056	0.055	0.055	0.056	0.056	0.056	0.056	600 Read#36

600
Kinetic read 37 (12:19:29)
	1	2	3	4	5	6	7	8	9	10	11	12
A	0.055	0.054	0.054	0.054	0.055	0.054	0.055	0.055	0.057	0.055	0.056	0.056	600 Read#37
B	0.062	0.064	0.066	0.073	0.090	0.076	0.215	0.212	0.088	0.077	0.095	0.088	600 Read#37
C	0.044	0.043	0.045	0.045	0.045	0.046	0.049	0.045	0.053	0.059	0.046	0.050	600 Read#37
D	0.043	0.044	0.045	0.046	0.046	0.046	0.047	0.047	0.046	0.047	0.047	0.048	600 Read#37
E	0.043	0.044	0.044	0.045	0.045	0.046	0.050	0.045	0.047	0.047	0.050	0.047	600 Read#37
F	0.043	0.043	0.044	0.045	0.044	0.046	0.047	0.045	0.046	0.047	0.047	0.046	600 Read#37
G	0.095	0.098	0.070	0.084	0.071	0.089	0.079	0.078	0.066	0.071	0.098	0.081	600 Read#37
H	0.055	0.055	0.055	0.056	0.056	0.056	0.056	0.055	0.056	0.056	0.056	0.056	600 Read#37

600
Kinetic read 38 (12:39:29)
	1	2	3	4	5	6	7	8	9	10	11	12
A	0.055	0.054	0.054	0.054	0.055	0.054	0.055	0.055	0.057	0.055	0.056	0.056	600 Read#38
B	0.064	0.065	0.070	0.076	0.094	0.079	0.235	0.232	0.093	0.077	0.099	0.092	600 Read#38
C	0.044	0.043	0.045	0.045	0.045	0.046	0.049	0.045	0.053	0.059	0.046	0.050	600 Read#38
D	0.043	0.044	0.044	0.046	0.046	0.046	0.047	0.047	0.046	0.047	0.046	0.047	600 Read#38
E	0.043	0.044	0.044	0.045	0.045	0.046	0.050	0.044	0.047	0.047	0.050	0.047	600 Read#38
F	0.043	0.043	0.044	0.045	0.044	0.046	0.047	0.045	0.046	0.047	0.047	0.046	600 Read#38
G	0.101	0.103	0.072	0.086	0.073	0.094	0.080	0.081	0.066	0.072	0.104	0.084	600 Read#38
H	0.055	0.055	0.055	0.055	0.055	0.056	0.055	0.055	0.056	0.056	0.055	0.056	600 Read#38

600
Kinetic read 39 (12:59:29)
	1	2	3	4	5	6	7	8	9	10	11	12
A	0.055	0.054	0.054	0.054	0.055	0.054	0.055	0.055	0.057	0.055	0.056	0.056	600 Read#39
B	0.066	0.067	0.071	0.078	0.096	0.081	0.259	0.256	0.098	0.079	0.106	0.096	600 Read#39
C	0.044	0.043	0.045	0.045	0.045	0.046	0.049	0.045	0.053	0.059	0.046	0.050	600 Read#39
D	0.043	0.044	0.044	0.046	0.046	0.046	0.047	0.047	0.046	0.047	0.046	0.048	600 Read#39
E	0.043	0.044	0.044	0.045	0.045	0.046	0.050	0.045	0.047	0.047	0.050	0.047	600 Read#39
F	0.043	0.043	0.044	0.045	0.044	0.046	0.047	0.045	0.046	0.047	0.047	0.046	600 Read#39
G	0.107	0.112	0.073	0.090	0.075	0.099	0.083	0.085	0.067	0.074	0.111	0.085	600 Read#39
H	0.055	0.055	0.055	0.055	0.055	0.056	0.055	0.055	0.056	0.056	0.056	0.056	600 Read#39

600
Kinetic read 40 (13:19:29)
	1	2	3	4	5	6	7	8	9	10	11	12
A	0.055	0.054	0.054	0.054	0.055	0.054	0.055	0.055	0.057	0.055	0.056	0.056	600 Read#40
B	0.066	0.069	0.073	0.081	0.102	0.092	0.286	0.282	0.103	0.091	0.111	0.102	600 Read#40
C	0.044	0.044	0.045	0.045	0.045	0.046	0.049	0.045	0.053	0.059	0.046	0.050	600 Read#40
D	0.043	0.044	0.045	0.046	0.046	0.046	0.047	0.048	0.046	0.047	0.047	0.048	600 Read#40
E	0.043	0.044	0.045	0.045	0.045	0.046	0.050	0.045	0.048	0.047	0.051	0.047	600 Read#40
F	0.043	0.043	0.044	0.045	0.044	0.046	0.047	0.045	0.046	0.047	0.047	0.046	600 Read#40
G	0.114	0.122	0.075	0.095	0.077	0.105	0.085	0.089	0.069	0.082	0.119	0.090	600 Read#40
H	0.055	0.055	0.055	0.055	0.056	0.056	0.056	0.055	0.056	0.056	0.056	0.056	600 Read#40

600
Kinetic read 41 (13:39:29)
	1	2	3	4	5	6	7	8	9	10	11	12
A	0.055	0.054	0.054	0.054	0.055	0.054	0.055	0.055	0.056	0.055	0.056	0.056	600 Read#41
B	0.068	0.070	0.073	0.084	0.103	0.088	0.317	0.313	0.109	0.087	0.122	0.108	600 Read#41
C	0.044	0.043	0.045	0.045	0.045	0.046	0.049	0.045	0.053	0.060	0.046	0.050	600 Read#41
D	0.043	0.044	0.045	0.046	0.046	0.046	0.047	0.048	0.047	0.047	0.046	0.048	600 Read#41
E	0.043	0.044	0.045	0.045	0.045	0.046	0.050	0.045	0.048	0.047	0.050	0.047	600 Read#41
F	0.043	0.043	0.044	0.045	0.044	0.046	0.047	0.045	0.046	0.047	0.047	0.046	600 Read#41
G	0.120	0.130	0.079	0.101	0.080	0.113	0.087	0.096	0.070	0.085	0.128	0.106	600 Read#41
H	0.055	0.056	0.055	0.055	0.056	0.056	0.055	0.055	0.056	0.056	0.056	0.056	600 Read#41

600
Kinetic read 42 (13:59:29)
	1	2	3	4	5	6	7	8	9	10	11	12
A	0.055	0.054	0.054	0.054	0.055	0.054	0.054	0.055	0.056	0.055	0.055	0.056	600 Read#42
B	0.070	0.072	0.076	0.088	0.108	0.100	0.350	0.346	0.116	0.085	0.128	0.114	600 Read#42
C	0.044	0.043	0.045	0.045	0.045	0.046	0.049	0.045	0.053	0.059	0.046	0.050	600 Read#42
D	0.043	0.044	0.045	0.046	0.046	0.046	0.047	0.048	0.046	0.047	0.046	0.047	600 Read#42
E	0.043	0.044	0.044	0.045	0.045	0.046	0.050	0.044	0.047	0.047	0.050	0.047	600 Read#42
F	0.043	0.043	0.044	0.045	0.044	0.046	0.047	0.044	0.046	0.047	0.047	0.046	600 Read#42
G	0.132	0.141	0.081	0.107	0.084	0.121	0.092	0.099	0.071	0.087	0.137	0.090	600 Read#42
H	0.055	0.055	0.055	0.055	0.055	0.056	0.056	0.055	0.056	0.056	0.055	0.055	600 Read#42

600
Kinetic read 43 (14:19:29)
	1	2	3	4	5	6	7	8	9	10	11	12
A	0.054	0.054	0.054	0.054	0.055	0.054	0.054	0.055	0.056	0.055	0.056	0.056	600 Read#43
B	0.071	0.074	0.078	0.092	0.112	0.105	0.386	0.383	0.124	0.089	0.135	0.121	600 Read#43
C	0.044	0.043	0.045	0.045	0.045	0.046	0.049	0.045	0.053	0.059	0.046	0.050	600 Read#43
D	0.043	0.044	0.044	0.046	0.046	0.046	0.047	0.047	0.046	0.047	0.046	0.047	600 Read#43
E	0.043	0.044	0.044	0.045	0.045	0.046	0.050	0.044	0.048	0.047	0.050	0.047	600 Read#43
F	0.043	0.043	0.044	0.045	0.044	0.046	0.047	0.045	0.046	0.047	0.047	0.046	600 Read#43
G	0.147	0.151	0.084	0.114	0.087	0.131	0.098	0.105	0.074	0.091	0.149	0.113	600 Read#43
H	0.054	0.055	0.055	0.055	0.055	0.056	0.055	0.055	0.056	0.056	0.055	0.055	600 Read#43

600
Kinetic read 44 (14:39:29)
	1	2	3	4	5	6	7	8	9	10	11	12
A	0.054	0.054	0.054	0.054	0.054	0.054	0.054	0.055	0.056	0.055	0.056	0.056	600 Read#44
B	0.073	0.077	0.082	0.097	0.125	0.112	0.427	0.424	0.134	0.088	0.147	0.130	600 Read#44
C	0.044	0.043	0.045	0.045	0.045	0.046	0.049	0.045	0.053	0.060	0.046	0.050	600 Read#44
D	0.043	0.044	0.044	0.046	0.046	0.046	0.047	0.047	0.046	0.047	0.046	0.048	600 Read#44
E	0.043	0.044	0.045	0.045	0.045	0.046	0.050	0.045	0.048	0.047	0.050	0.047	600 Read#44
F	0.043	0.043	0.044	0.045	0.044	0.046	0.047	0.045	0.046	0.047	0.047	0.046	600 Read#44
G	0.154	0.162	0.088	0.123	0.092	0.142	0.105	0.113	0.076	0.094	0.161	0.091	600 Read#44
H	0.055	0.055	0.055	0.055	0.055	0.056	0.055	0.055	0.056	0.056	0.056	0.055	600 Read#44

600
Kinetic read 45 (14:59:29)
	1	2	3	4	5	6	7	8	9	10	11	12
A	0.054	0.054	0.054	0.054	0.054	0.054	0.054	0.055	0.056	0.055	0.055	0.056	600 Read#45
B	0.075	0.080	0.084	0.103	0.122	0.119	0.471	0.468	0.145	0.091	0.162	0.139	600 Read#45
C	0.044	0.043	0.045	0.045	0.045	0.046	0.049	0.045	0.053	0.060	0.046	0.050	600 Read#45
D	0.043	0.044	0.045	0.046	0.046	0.046	0.047	0.048	0.046	0.047	0.046	0.048	600 Read#45
E	0.043	0.044	0.044	0.045	0.045	0.046	0.050	0.045	0.047	0.047	0.050	0.047	600 Read#45
F	0.043	0.043	0.044	0.045	0.044	0.046	0.047	0.045	0.046	0.047	0.047	0.046	600 Read#45
G	0.163	0.175	0.092	0.136	0.098	0.154	0.111	0.122	0.077	0.098	0.175	0.093	600 Read#45
H	0.055	0.055	0.055	0.055	0.055	0.056	0.055	0.055	0.056	0.056	0.055	0.055	600 Read#45

600
Kinetic read 46 (15:19:29)
	1	2	3	4	5	6	7	8	9	10	11	12
A	0.054	0.054	0.053	0.053	0.054	0.054	0.054	0.055	0.056	0.055	0.055	0.056	600 Read#46
B	0.077	0.083	0.086	0.109	0.132	0.126	0.519	0.514	0.157	0.091	0.167	0.149	600 Read#46
C	0.044	0.043	0.045	0.045	0.045	0.046	0.049	0.045	0.053	0.059	0.046	0.050	600 Read#46
D	0.043	0.044	0.045	0.046	0.046	0.046	0.047	0.047	0.046	0.047	0.046	0.047	600 Read#46
E	0.043	0.044	0.045	0.045	0.045	0.046	0.056	0.045	0.048	0.047	0.050	0.047	600 Read#46
F	0.043	0.043	0.044	0.045	0.044	0.046	0.047	0.045	0.046	0.047	0.047	0.046	600 Read#46
G	0.176	0.190	0.098	0.143	0.104	0.169	0.119	0.131	0.080	0.103	0.189	0.102	600 Read#46
H	0.055	0.055	0.055	0.055	0.055	0.056	0.055	0.055	0.056	0.056	0.055	0.055	600 Read#46

600
Kinetic read 47 (15:39:29)
	1	2	3	4	5	6	7	8	9	10	11	12
A	0.054	0.054	0.054	0.053	0.054	0.054	0.054	0.055	0.056	0.055	0.055	0.056	600 Read#47
B	0.079	0.087	0.096	0.116	0.133	0.128	0.567	0.561	0.171	0.098	0.179	0.160	600 Read#47
C	0.044	0.043	0.045	0.045	0.045	0.046	0.049	0.045	0.053	0.060	0.046	0.050	600 Read#47
D	0.043	0.044	0.045	0.046	0.046	0.046	0.047	0.048	0.047	0.047	0.047	0.048	600 Read#47
E	0.043	0.044	0.045	0.045	0.045	0.046	0.056	0.045	0.048	0.047	0.050	0.047	600 Read#47
F	0.043	0.043	0.044	0.045	0.044	0.046	0.048	0.045	0.046	0.047	0.047	0.046	600 Read#47
G	0.196	0.207	0.104	0.156	0.112	0.185	0.129	0.141	0.083	0.107	0.205	0.103	600 Read#47
H	0.055	0.055	0.055	0.055	0.055	0.056	0.055	0.055	0.056	0.056	0.055	0.055	600 Read#47

600
Kinetic read 48 (15:59:29)
	1	2	3	4	5	6	7	8	9	10	11	12
A	0.054	0.054	0.053	0.053	0.054	0.054	0.054	0.055	0.056	0.054	0.055	0.056	600 Read#48
B	0.081	0.090	0.093	0.123	0.150	0.135	0.617	0.610	0.185	0.096	0.193	0.172	600 Read#48
C	0.044	0.043	0.045	0.045	0.045	0.046	0.049	0.045	0.053	0.060	0.046	0.050	600 Read#48
D	0.043	0.044	0.044	0.046	0.046	0.046	0.047	0.047	0.046	0.047	0.046	0.047	600 Read#48
E	0.043	0.044	0.045	0.045	0.045	0.046	0.056	0.045	0.048	0.047	0.050	0.047	600 Read#48
F	0.043	0.043	0.044	0.045	0.044	0.046	0.047	0.045	0.046	0.047	0.047	0.046	600 Read#48
G	0.209	0.225	0.111	0.171	0.120	0.203	0.141	0.153	0.086	0.113	0.224	0.109	600 Read#48
H	0.055	0.055	0.055	0.055	0.055	0.056	0.055	0.055	0.056	0.056	0.055	0.055	600 Read#48
